5 1.4021 1.424 1.4545 1.5162 1.6405 0 0 0 0 0 0 0 0 0 0 0 0 0 0 0 0 0 0 0 0 0 0 0 0 0 0 0 0 0 0 0 0 0 0 0 0 0 0 0 0 0 0 0 0 0 0
8 0.6519 0.6795 1.4951 1.5233 1.5512 1.6386 1.7247 1.7945 0 0 0 0 0 0 0 0 0 0 0 0 0 0 0 0 0 0 0 0 0 0 0 0 0 0 0 0 0 0 0 0 0 0 0 0 0 0 0 0 0 0 0
19 0.6756 0.7198 0.7508 0.7892 0.8466 0.9803 1.0577 1.1189 1.141 1.159 1.1616 1.1968 1.2196 1.2472 1.5028 1.5489 1.5899 1.6425 1.773 0 0 0 0 0 0 0 0 0 0 0 0 0 0 0 0 0 0 0 0 0 0 0 0 0 0 0 0 0 0 0 0
39 0.5914 0.6091 0.6238 0.6349 0.6411 0.6657 0.6948 0.7424 0.7671 0.7886 0.8032 0.8343 0.8775 0.9076 0.9758 1.0213 1.0507 1.1037 1.1061 1.1331 1.163 1.1935 1.4235 1.4386 1.4635 1.49 1.5064 1.5276 1.5454 1.5649 1.5794 1.6032 1.6179 1.6284 1.6365 1.6699 1.7092 1.714 1.7495 0 0 0 0 0 0 0 0 0 0 0 0
29 0.6587 0.6682 0.6871 0.7149 0.7778 0.7859 0.8342 0.875 0.8795 0.98 1.0458 1.059 1.0978 1.1078 1.1099 1.1579 1.4563 1.4643 1.4899 1.5032 1.5195 1.5375 1.5456 1.556 1.5657 1.5995 1.6099 1.6662 1.6802 0 0 0 0 0 0 0 0 0 0 0 0 0 0 0 0 0 0 0 0 0 0
50 0.0635 0.6059 0.6206 0.6408 0.6581 0.6728 0.6878 0.6995 0.7126 0.7177 0.7433 0.7605 0.773 0.7791 0.8196 0.8225 0.8366 0.8927 0.9394 0.9834 1.0109 1.0574 1.0806 1.1124 1.1386 1.1626 1.2969 1.3417 1.379 1.3998 1.404 1.4235 1.4526 1.4771 1.5028 1.5253 1.5707 1.5888 1.6172 1.6435 1.6736 1.6881 1.7218 1.7449 1.7651 1.7827 1.8176 1.8574 1.9416 1.987 0
12 0.5865 0.6616 1.0529 1.1068 1.1424 1.4085 1.4883 1.5514 1.5631 1.6066 1.6435 1.7016 0 0 0 0 0 0 0 0 0 0 0 0 0 0 0 0 0 0 0 0 0 0 0 0 0 0 0 0 0 0 0 0 0 0 0 0 0 0 0
39 0.6756 0.689 0.6911 0.7371 0.7531 0.7786 0.8061 0.8506 0.8652 0.8816 0.9132 0.9424 0.991 1.075 1.0778 1.1041 1.1413 1.1667 1.1999 1.2149 1.4206 1.4337 1.448 1.4756 1.5001 1.5132 1.5263 1.5474 1.5674 1.5929 1.6111 1.6328 1.6452 1.6491 1.6932 1.7239 1.7801 1.805 1.9103 0 0 0 0 0 0 0 0 0 0 0 0
11 0.6516 0.8604 1.1381 1.1603 1.547 1.5709 1.5804 1.6113 1.6351 1.6736 1.7323 0 0 0 0 0 0 0 0 0 0 0 0 0 0 0 0 0 0 0 0 0 0 0 0 0 0 0 0 0 0 0 0 0 0 0 0 0 0 0 0
32 0.2469 0.2828 0.6206 0.6261 0.6552 0.6715 0.7162 0.7487 0.7791 0.8256 0.9719 0.973 1.0445 1.0577 1.0722 1.1207 1.123 1.1297 1.1754 1.2333 1.2673 1.4282 1.4925 1.5981 1.6218 1.6237 1.6636 1.7068 1.7235 1.7777 1.7931 1.8317 0 0 0 0 0 0 0 0 0 0 0 0 0 0 0 0 0 0 0
23 0.0129 0.153 0.2699 0.3761 0.7075 0.717 0.7609 0.8266 0.8654 1.0768 1.1106 1.1568 1.1799 1.2222 1.4136 1.4422 1.5139 1.5339 1.5957 1.6183 1.6753 1.6838 1.7332 0 0 0 0 0 0 0 0 0 0 0 0 0 0 0 0 0 0 0 0 0 0 0 0 0 0 0 0
35 0.4633 0.6238 0.6503 0.6708 0.6756 0.6779 0.7178 0.7343 0.7551 0.7739 0.8028 0.823 0.8803 0.8947 0.9504 0.9924 1.0053 1.0484 1.085 1.1406 1.1441 1.4331 1.4362 1.4697 1.5095 1.5212 1.5454 1.5483 1.5559 1.5844 1.5929 1.6199 1.6591 1.6906 1.7078 0 0 0 0 0 0 0 0 0 0 0 0 0 0 0 0
36 0.5842 0.6149 0.6226 0.6358 0.6777 0.6813 0.7178 0.7379 0.7513 0.7752 0.8276 0.8599 0.9064 0.9146 0.9509 0.9683 1.0074 1.047 1.0537 1.0882 1.105 1.1397 1.1678 1.1883 1.2024 1.2216 1.2574 1.3004 1.3356 1.4048 1.4711 1.5067 1.5335 1.5574 1.643 1.6861 0 0 0 0 0 0 0 0 0 0 0 0 0 0 0
35 0.6011 0.6087 0.6161 0.6504 0.658 0.6746 0.7099 0.7398 0.7566 0.7811 0.849 0.8784 0.9123 0.9711 1.0467 1.0918 1.1277 1.1489 1.1712 1.2112 1.2878 1.3236 1.4112 1.451 1.5204 1.5259 1.5652 1.591 1.6401 1.6493 1.6589 1.6922 1.7298 1.7545 1.7934 0 0 0 0 0 0 0 0 0 0 0 0 0 0 0 0
25 0.7986 0.861 0.8756 0.8952 0.9346 0.9557 0.9797 1.0085 1.0228 1.0679 1.1007 1.1573 1.1779 1.2015 1.2745 1.2951 1.3023 1.3396 1.3512 1.4796 1.5637 1.6295 1.6661 1.7316 1.7393 0 0 0 0 0 0 0 0 0 0 0 0 0 0 0 0 0 0 0 0 0 0 0 0 0 0
25 0.5879 0.6148 0.6265 0.6369 0.6495 0.6791 0.6937 0.7305 0.744 0.8075 0.8293 1.0202 1.1046 1.145 1.1632 1.1668 1.4275 1.4494 1.4949 1.5122 1.5235 1.5938 1.6316 1.6944 1.8321 0 0 0 0 0 0 0 0 0 0 0 0 0 0 0 0 0 0 0 0 0 0 0 0 0 0
36 0.6211 0.6409 0.67 0.6947 0.6989 0.724 0.7614 0.787 0.795 0.8119 0.8278 0.865 0.886 0.9146 0.9295 0.9735 0.9991 1.0354 1.0572 1.0861 1.1127 1.1353 1.2199 1.4938 1.5355 1.5575 1.567 1.604 1.6146 1.6225 1.6507 1.6686 1.6835 1.7411 1.7991 1.862 0 0 0 0 0 0 0 0 0 0 0 0 0 0 0
11 0.7211 1.5383 1.5705 1.5774 1.5942 1.6478 1.6834 1.7102 1.7522 1.7898 1.8231 0 0 0 0 0 0 0 0 0 0 0 0 0 0 0 0 0 0 0 0 0 0 0 0 0 0 0 0 0 0 0 0 0 0 0 0 0 0 0 0
3 1.173 1.5075 1.5355 0 0 0 0 0 0 0 0 0 0 0 0 0 0 0 0 0 0 0 0 0 0 0 0 0 0 0 0 0 0 0 0 0 0 0 0 0 0 0 0 0 0 0 0 0 0 0 0
4 0.6601 1.4746 1.5193 1.6022 0 0 0 0 0 0 0 0 0 0 0 0 0 0 0 0 0 0 0 0 0 0 0 0 0 0 0 0 0 0 0 0 0 0 0 0 0 0 0 0 0 0 0 0 0 0 0
9 0.6822 0.7279 0.7572 0.7885 1.047 1.1865 1.607 1.6804 1.7393 0 0 0 0 0 0 0 0 0 0 0 0 0 0 0 0 0 0 0 0 0 0 0 0 0 0 0 0 0 0 0 0 0 0 0 0 0 0 0 0 0 0
1 1.3632 0 0 0 0 0 0 0 0 0 0 0 0 0 0 0 0 0 0 0 0 0 0 0 0 0 0 0 0 0 0 0 0 0 0 0 0 0 0 0 0 0 0 0 0 0 0 0 0 0 0
24 0.0699 0.1005 0.1439 0.1729 0.6667 0.6681 0.7105 0.7517 0.783 0.8372 0.876 0.9247 0.9775 1.0458 1.0781 1.1264 1.2014 1.5473 1.5694 1.5767 1.618 1.6754 1.712 2.1198 0 0 0 0 0 0 0 0 0 0 0 0 0 0 0 0 0 0 0 0 0 0 0 0 0 0 0
5 0.5803 0.6117 0.739 1.174 1.5109 0 0 0 0 0 0 0 0 0 0 0 0 0 0 0 0 0 0 0 0 0 0 0 0 0 0 0 0 0 0 0 0 0 0 0 0 0 0 0 0 0 0 0 0 0 0
31 0.4108 0.6357 0.6803 0.7145 0.7622 0.8059 0.8203 0.8435 0.9011 0.9156 0.925 0.9654 0.994 1.0346 1.0504 1.0895 1.13 1.1578 1.2061 1.277 1.3508 1.4104 1.4471 1.4725 1.5167 1.5383 1.5771 1.634 1.6695 1.7017 1.7941 0 0 0 0 0 0 0 0 0 0 0 0 0 0 0 0 0 0 0 0
8 0.9518 1.1439 1.1899 1.2156 1.4585 1.5043 1.5803 1.6601 0 0 0 0 0 0 0 0 0 0 0 0 0 0 0 0 0 0 0 0 0 0 0 0 0 0 0 0 0 0 0 0 0 0 0 0 0 0 0 0 0 0 0
8 1.3886 1.4136 1.4514 1.4988 1.5375 1.5691 1.6106 1.7642 0 0 0 0 0 0 0 0 0 0 0 0 0 0 0 0 0 0 0 0 0 0 0 0 0 0 0 0 0 0 0 0 0 0 0 0 0 0 0 0 0 0 0
19 0.0791 0.2744 0.7403 0.8222 0.9024 0.9383 1.0473 1.0585 1.0933 1.1156 1.2401 1.5301 1.5607 1.6114 1.628 1.667 1.7235 1.7565 1.8068 0 0 0 0 0 0 0 0 0 0 0 0 0 0 0 0 0 0 0 0 0 0 0 0 0 0 0 0 0 0 0 0
8 0.5673 1.5963 1.613 1.6307 1.6516 1.6624 1.6774 1.6853 0 0 0 0 0 0 0 0 0 0 0 0 0 0 0 0 0 0 0 0 0 0 0 0 0 0 0 0 0 0 0 0 0 0 0 0 0 0 0 0 0 0 0
11 0.6618 0.7756 0.9006 1.0722 1.5565 1.5777 1.6283 1.6506 1.6874 1.7183 1.7471 0 0 0 0 0 0 0 0 0 0 0 0 0 0 0 0 0 0 0 0 0 0 0 0 0 0 0 0 0 0 0 0 0 0 0 0 0 0 0 0
34 0.1818 0.6151 0.6394 0.6578 0.6736 0.6797 0.7367 0.7531 0.7733 0.8158 0.9035 0.9285 0.9846 1.1484 1.1725 1.1828 1.2118 1.241 1.2889 1.3027 1.4302 1.5031 1.5403 1.6083 1.6399 1.6808 1.7098 1.7342 1.7602 1.7861 1.8256 1.855 1.8697 1.9202 0 0 0 0 0 0 0 0 0 0 0 0 0 0 0 0 0
9 0.7787 1.0898 1.1372 1.1791 1.1928 1.2229 1.2703 1.5824 1.7472 0 0 0 0 0 0 0 0 0 0 0 0 0 0 0 0 0 0 0 0 0 0 0 0 0 0 0 0 0 0 0 0 0 0 0 0 0 0 0 0 0 0
47 0.6348 0.6386 0.6768 0.7062 0.7359 0.7638 0.7825 0.8102 0.8202 0.8351 0.8562 0.8896 0.9135 0.9599 0.9971 1.0245 1.0434 1.062 1.072 1.0835 1.1073 1.1264 1.1379 1.1696 1.223 1.2502 1.2581 1.292 1.3736 1.5053 1.5264 1.5546 1.5623 1.5844 1.5937 1.6178 1.6343 1.6639 1.6723 1.7055 1.7234 1.7537 1.7644 1.7959 1.8347 1.8965 2.1526 0 0 0 0
19 0.1418 0.315 0.6615 0.7345 0.7787 0.8251 0.8966 0.9502 1.0353 1.0599 1.1014 1.1466 1.178 1.2583 1.3103 1.3367 1.521 1.5511 1.6255 0 0 0 0 0 0 0 0 0 0 0 0 0 0 0 0 0 0 0 0 0 0 0 0 0 0 0 0 0 0 0 0
15 0.1954 0.2772 0.734 0.7382 1.0252 1.0671 1.0919 1.1192 1.1443 1.2113 1.594 1.6342 1.6618 1.7128 1.7227 0 0 0 0 0 0 0 0 0 0 0 0 0 0 0 0 0 0 0 0 0 0 0 0 0 0 0 0 0 0 0 0 0 0 0 0
6 0.9754 1.0523 1.0833 1.1178 1.1289 1.1776 0 0 0 0 0 0 0 0 0 0 0 0 0 0 0 0 0 0 0 0 0 0 0 0 0 0 0 0 0 0 0 0 0 0 0 0 0 0 0 0 0 0 0 0 0
32 0.2248 0.2994 0.741 0.7882 0.83 0.8423 0.8902 0.9099 0.9395 0.9485 0.9812 1.0084 1.0384 1.0784 1.1766 1.4032 1.4491 1.4607 1.4808 1.5102 1.5404 1.5635 1.5853 1.6038 1.6107 1.6286 1.6545 1.6909 1.725 1.7389 1.7875 1.8549 0 0 0 0 0 0 0 0 0 0 0 0 0 0 0 0 0 0 0
29 0.1546 0.7087 0.7341 0.7526 0.7824 0.8214 0.8488 0.881 0.9303 0.9802 1.0091 1.0506 1.0711 1.1114 1.1665 1.4661 1.5102 1.5212 1.5379 1.5584 1.5666 1.5992 1.6091 1.6484 1.6706 1.7104 1.7552 1.8285 1.9527 0 0 0 0 0 0 0 0 0 0 0 0 0 0 0 0 0 0 0 0 0 0
3 0.9941 1.0193 1.194 0 0 0 0 0 0 0 0 0 0 0 0 0 0 0 0 0 0 0 0 0 0 0 0 0 0 0 0 0 0 0 0 0 0 0 0 0 0 0 0 0 0 0 0 0 0 0 0
43 0.3054 0.6236 0.6386 0.6476 0.6614 0.6722 0.6902 0.7193 0.7437 0.7617 0.7797 0.7888 0.8023 0.8288 0.8587 0.8776 0.9236 0.9844 1.0097 1.0383 1.0649 1.1073 1.1208 1.166 1.1904 1.2065 1.2275 1.246 1.3453 1.5033 1.5278 1.5482 1.5819 1.6059 1.6328 1.6541 1.6779 1.7001 1.7337 1.7626 1.7705 1.8138 1.8265 0 0 0 0 0 0 0 0
27 0.123 0.5992 0.6129 0.6493 0.665 0.6909 0.7033 0.734 0.7994 0.8471 0.9404 0.9641 0.9961 1.0027 1.0293 1.0536 1.0611 1.0828 1.1004 1.1464 1.1679 1.1916 1.221 1.2376 1.3367 1.5475 1.5738 0 0 0 0 0 0 0 0 0 0 0 0 0 0 0 0 0 0 0 0 0 0 0 0
20 0.0232 0.6184 0.6334 0.689 0.7154 0.7696 0.8053 1.0314 1.1071 1.1272 1.3108 1.4273 1.4533 1.5121 1.5239 1.5388 1.6063 1.6597 1.6835 1.7215 0 0 0 0 0 0 0 0 0 0 0 0 0 0 0 0 0 0 0 0 0 0 0 0 0 0 0 0 0 0 0
11 0.609 0.6382 0.6595 0.6718 0.7041 1.0211 1.0471 1.0548 1.1804 1.365 1.6633 0 0 0 0 0 0 0 0 0 0 0 0 0 0 0 0 0 0 0 0 0 0 0 0 0 0 0 0 0 0 0 0 0 0 0 0 0 0 0 0
4 0.6997 0.702 1.0568 1.7987 0 0 0 0 0 0 0 0 0 0 0 0 0 0 0 0 0 0 0 0 0 0 0 0 0 0 0 0 0 0 0 0 0 0 0 0 0 0 0 0 0 0 0 0 0 0 0
9 0.3187 0.4763 0.5458 1.1281 1.1798 1.616 1.7197 1.8098 2.0935 0 0 0 0 0 0 0 0 0 0 0 0 0 0 0 0 0 0 0 0 0 0 0 0 0 0 0 0 0 0 0 0 0 0 0 0 0 0 0 0 0 0
6 1.4413 1.6646 1.6912 1.713 1.7414 1.774 0 0 0 0 0 0 0 0 0 0 0 0 0 0 0 0 0 0 0 0 0 0 0 0 0 0 0 0 0 0 0 0 0 0 0 0 0 0 0 0 0 0 0 0 0
11 0.6371 0.7692 0.9807 1.1207 1.2068 1.6087 1.6199 1.6748 1.6968 1.7369 1.7672 0 0 0 0 0 0 0 0 0 0 0 0 0 0 0 0 0 0 0 0 0 0 0 0 0 0 0 0 0 0 0 0 0 0 0 0 0 0 0 0
28 0.6179 0.6282 0.6697 0.7172 0.7427 0.7534 0.8009 1.0701 1.1109 1.1547 1.1677 1.1963 1.2199 1.2358 1.248 1.2687 1.2855 1.301 1.3272 1.369 1.4032 1.444 1.5769 1.6066 1.6194 1.6602 1.7215 1.7597 0 0 0 0 0 0 0 0 0 0 0 0 0 0 0 0 0 0 0 0 0 0 0
24 0.6417 0.658 0.7214 0.7913 0.8159 0.8601 0.9176 0.9823 1.1098 1.1672 1.1909 1.2036 1.486 1.5336 1.5477 1.5685 1.624 1.6531 1.6817 1.7318 1.7659 1.7718 1.82 1.8452 0 0 0 0 0 0 0 0 0 0 0 0 0 0 0 0 0 0 0 0 0 0 0 0 0 0 0
0 0 0 0 0 0 0 0 0 0 0 0 0 0 0 0 0 0 0 0 0 0 0 0 0 0 0 0 0 0 0 0 0 0 0 0 0 0 0 0 0 0 0 0 0 0 0 0 0 0 0 0
32 0.6912 0.753 0.7967 0.8468 0.8876 0.9373 0.9567 0.9746 0.9914 1.0257 1.0398 1.0709 1.1087 1.1288 1.1492 1.1857 1.1934 1.2355 1.2626 1.3052 1.3428 1.371 1.3829 1.625 1.6481 1.6717 1.7158 1.7588 1.7658 1.8181 1.8429 1.8616 0 0 0 0 0 0 0 0 0 0 0 0 0 0 0 0 0 0 0
38 0.4604 0.5285 0.5998 0.6203 0.6275 0.6553 0.6693 0.6827 0.6885 0.7013 0.7075 0.7273 0.7597 0.787 0.8048 0.8628 0.9149 0.9471 0.9919 1.0042 1.0383 1.0653 1.0859 1.1095 1.1384 1.1618 1.1848 1.2251 1.2745 1.3095 1.3295 1.4057 1.4841 1.5032 1.5134 1.5692 1.6191 1.7378 0 0 0 0 0 0 0 0 0 0 0 0 0
11 0.5784 0.6463 0.7329 1.1351 1.1563 1.1689 1.226 1.3524 1.5253 1.6115 1.7217 0 0 0 0 0 0 0 0 0 0 0 0 0 0 0 0 0 0 0 0 0 0 0 0 0 0 0 0 0 0 0 0 0 0 0 0 0 0 0 0
46 0.6055 0.6239 0.64 0.672 0.6807 0.6987 0.7294 0.7398 0.7733 0.7913 0.8249 0.8413 0.8724 0.881 0.942 0.9661 0.9922 1.0053 1.0291 1.0632 1.0946 1.125 1.1374 1.1727 1.2051 1.2296 1.2991 1.3699 1.4196 1.4437 1.4813 1.4939 1.5501 1.5745 1.5828 1.6158 1.6591 1.6909 1.7118 1.7553 1.7898 1.8278 1.8612 1.8985 1.9892 2.0569 0 0 0 0 0
29 0.1089 0.6485 0.6597 0.6876 0.7146 0.7254 0.7679 1.1663 1.211 1.2306 1.2831 1.5606 1.5716 1.603 1.6242 1.636 1.6532 1.6603 1.6834 1.6888 1.7021 1.7206 1.7281 1.7327 1.7527 1.7925 1.8128 1.9058 1.9778 0 0 0 0 0 0 0 0 0 0 0 0 0 0 0 0 0 0 0 0 0 0
10 0.3584 1.5295 1.6077 1.7012 1.7207 1.7326 1.7646 1.803 1.8206 1.9294 0 0 0 0 0 0 0 0 0 0 0 0 0 0 0 0 0 0 0 0 0 0 0 0 0 0 0 0 0 0 0 0 0 0 0 0 0 0 0 0 0
16 0.3892 0.724 0.775 1.0823 1.1456 1.1639 1.2387 1.7533 1.8122 1.8226 1.8746 1.884 1.8932 1.9315 1.9988 2.1752 0 0 0 0 0 0 0 0 0 0 0 0 0 0 0 0 0 0 0 0 0 0 0 0 0 0 0 0 0 0 0 0 0 0 0
31 0.6095 0.6391 0.6591 0.6685 0.6792 0.6972 0.728 0.7524 0.801 0.8477 0.8661 0.8936 0.9364 0.9872 1.0341 1.0758 1.1022 1.1133 1.1778 1.1881 1.2058 1.229 1.2402 1.2691 1.3187 1.3523 1.3714 1.4734 1.5309 1.6055 1.657 0 0 0 0 0 0 0 0 0 0 0 0 0 0 0 0 0 0 0 0
9 0.3399 0.6458 0.7431 1.066 1.1569 1.6073 1.6569 1.7232 1.8043 0 0 0 0 0 0 0 0 0 0 0 0 0 0 0 0 0 0 0 0 0 0 0 0 0 0 0 0 0 0 0 0 0 0 0 0 0 0 0 0 0 0
18 0.8022 0.8431 0.8492 0.8959 1.0322 1.0434 1.0866 1.0961 1.1565 1.1861 1.1991 1.2377 1.2566 1.3092 1.413 1.6836 1.841 1.8785 0 0 0 0 0 0 0 0 0 0 0 0 0 0 0 0 0 0 0 0 0 0 0 0 0 0 0 0 0 0 0 0 0
7 0.4708 0.6771 0.7341 0.795 1.7145 1.7809 1.8647 0 0 0 0 0 0 0 0 0 0 0 0 0 0 0 0 0 0 0 0 0 0 0 0 0 0 0 0 0 0 0 0 0 0 0 0 0 0 0 0 0 0 0 0
7 0.6944 1.1171 1.2269 1.3492 1.6688 1.737 1.8409 0 0 0 0 0 0 0 0 0 0 0 0 0 0 0 0 0 0 0 0 0 0 0 0 0 0 0 0 0 0 0 0 0 0 0 0 0 0 0 0 0 0 0 0
31 0.2177 0.6554 0.6671 0.6875 0.707 0.7158 0.7635 0.7799 0.8216 0.8803 0.8926 0.9669 1.0561 1.11 1.1457 1.1737 1.2048 1.2596 1.2814 1.6304 1.6655 1.7032 1.7407 1.7698 1.7997 1.8166 1.8564 1.8662 1.8915 1.9123 1.9483 0 0 0 0 0 0 0 0 0 0 0 0 0 0 0 0 0 0 0 0
6 1.0566 1.4242 1.4874 1.5341 1.5817 1.598 0 0 0 0 0 0 0 0 0 0 0 0 0 0 0 0 0 0 0 0 0 0 0 0 0 0 0 0 0 0 0 0 0 0 0 0 0 0 0 0 0 0 0 0 0
13 0.5525 0.6352 0.7165 0.762 1.1363 1.2566 1.5197 1.5449 1.6122 1.6298 1.6761 1.6955 1.7443 0 0 0 0 0 0 0 0 0 0 0 0 0 0 0 0 0 0 0 0 0 0 0 0 0 0 0 0 0 0 0 0 0 0 0 0 0 0
26 0.6496 0.6926 0.7221 0.7454 0.7549 0.7575 0.8058 0.836 0.8763 0.9505 0.9803 1.0435 1.0661 1.1007 1.117 1.1951 1.2733 1.3909 1.472 1.5557 1.5996 1.6699 1.6966 1.7394 1.7842 1.884 0 0 0 0 0 0 0 0 0 0 0 0 0 0 0 0 0 0 0 0 0 0 0 0 0
28 0.1598 0.7123 0.7765 0.8268 0.8811 0.8925 0.9184 0.9541 0.9987 1.026 1.083 1.1113 1.1384 1.1608 1.2266 1.2415 1.2623 1.2879 1.3116 1.357 1.3999 1.5897 1.6331 1.7016 1.7369 1.7525 1.7934 1.9566 0 0 0 0 0 0 0 0 0 0 0 0 0 0 0 0 0 0 0 0 0 0 0
10 1.0179 1.0625 1.1081 1.1546 1.4809 1.5263 1.5839 1.6082 1.6753 1.6958 0 0 0 0 0 0 0 0 0 0 0 0 0 0 0 0 0 0 0 0 0 0 0 0 0 0 0 0 0 0 0 0 0 0 0 0 0 0 0 0 0
22 0.1644 0.6694 0.6875 0.6952 0.7382 0.8109 0.85 0.8992 0.9349 0.963 0.9943 1.0368 1.0569 1.0893 1.1347 1.5029 1.5561 1.5744 1.6035 1.6508 1.7255 1.769 0 0 0 0 0 0 0 0 0 0 0 0 0 0 0 0 0 0 0 0 0 0 0 0 0 0 0 0 0
7 0.6084 0.6192 0.6553 0.6673 1.0556 1.121 1.1646 0 0 0 0 0 0 0 0 0 0 0 0 0 0 0 0 0 0 0 0 0 0 0 0 0 0 0 0 0 0 0 0 0 0 0 0 0 0 0 0 0 0 0 0
26 0.0831 0.1562 0.6369 0.6924 0.7155 0.7472 0.7914 0.878 0.974 1.0011 1.0736 1.1082 1.1333 1.1782 1.2255 1.503 1.5502 1.565 1.5863 1.6373 1.7097 1.7383 1.7785 1.8283 1.8645 1.9329 0 0 0 0 0 0 0 0 0 0 0 0 0 0 0 0 0 0 0 0 0 0 0 0 0
10 0.7257 0.8897 0.9028 1.0089 1.0463 1.1027 1.1587 1.5124 1.7368 1.793 0 0 0 0 0 0 0 0 0 0 0 0 0 0 0 0 0 0 0 0 0 0 0 0 0 0 0 0 0 0 0 0 0 0 0 0 0 0 0 0 0
37 0.6302 0.6592 0.6815 0.7059 0.7246 0.7848 0.8151 0.8645 0.877 0.9363 0.9718 0.9933 1.0345 1.0617 1.0855 1.1558 1.1739 1.2367 1.3754 1.4325 1.4582 1.4796 1.4937 1.506 1.5167 1.5261 1.5349 1.5434 1.5692 1.5763 1.5989 1.6342 1.6429 1.6857 1.715 1.754 1.8164 0 0 0 0 0 0 0 0 0 0 0 0 0 0
31 0.5474 0.6061 0.6267 0.6312 0.6545 0.6734 0.6938 0.7534 0.7844 0.8314 0.9057 0.9559 0.9968 1.0672 1.0907 1.1432 1.2556 1.271 1.5331 1.5585 1.5826 1.6282 1.652 1.6744 1.6889 1.7256 1.7879 1.8107 1.8465 1.8606 1.9107 0 0 0 0 0 0 0 0 0 0 0 0 0 0 0 0 0 0 0 0
28 0.6101 0.6829 0.7189 0.7463 0.7666 0.8067 0.8548 1.0783 1.1606 1.2075 1.2365 1.3207 1.511 1.5213 1.5807 1.5921 1.6221 1.6421 1.6555 1.6838 1.6984 1.7151 1.7352 1.7698 1.8083 1.8318 1.8909 2.2336 0 0 0 0 0 0 0 0 0 0 0 0 0 0 0 0 0 0 0 0 0 0 0
16 0.6664 0.7668 0.9118 0.9998 1.1445 1.1907 1.2176 1.4256 1.5137 1.5631 1.6061 1.6337 1.653 1.7067 1.7216 1.7569 0 0 0 0 0 0 0 0 0 0 0 0 0 0 0 0 0 0 0 0 0 0 0 0 0 0 0 0 0 0 0 0 0 0 0
10 0.5673 0.5784 0.7321 0.8054 1.1309 1.489 1.4956 1.5755 1.6589 1.7332 0 0 0 0 0 0 0 0 0 0 0 0 0 0 0 0 0 0 0 0 0 0 0 0 0 0 0 0 0 0 0 0 0 0 0 0 0 0 0 0 0
14 0.6371 0.6826 0.7217 0.831 0.9722 1.0573 1.5989 1.6437 1.6587 1.7025 1.7321 1.7598 1.8098 2.1178 0 0 0 0 0 0 0 0 0 0 0 0 0 0 0 0 0 0 0 0 0 0 0 0 0 0 0 0 0 0 0 0 0 0 0 0 0
10 0.6013 0.646 0.9223 1.05 1.1091 1.5335 1.5767 1.5947 1.6609 1.7178 0 0 0 0 0 0 0 0 0 0 0 0 0 0 0 0 0 0 0 0 0 0 0 0 0 0 0 0 0 0 0 0 0 0 0 0 0 0 0 0 0
9 0.0103 0.0811 0.1754 0.5778 0.637 1.0087 1.7107 1.7691 1.8153 0 0 0 0 0 0 0 0 0 0 0 0 0 0 0 0 0 0 0 0 0 0 0 0 0 0 0 0 0 0 0 0 0 0 0 0 0 0 0 0 0 0
9 0.6562 0.7764 0.8469 0.9089 0.9525 1.0574 1.081 1.4388 1.5631 0 0 0 0 0 0 0 0 0 0 0 0 0 0 0 0 0 0 0 0 0 0 0 0 0 0 0 0 0 0 0 0 0 0 0 0 0 0 0 0 0 0
6 0.0166 0.062 0.6189 0.624 0.653 0.6739 0 0 0 0 0 0 0 0 0 0 0 0 0 0 0 0 0 0 0 0 0 0 0 0 0 0 0 0 0 0 0 0 0 0 0 0 0 0 0 0 0 0 0 0 0
10 0.5475 0.5496 0.5948 0.5998 0.8757 0.9276 0.98 1.2262 1.3048 1.6719 0 0 0 0 0 0 0 0 0 0 0 0 0 0 0 0 0 0 0 0 0 0 0 0 0 0 0 0 0 0 0 0 0 0 0 0 0 0 0 0 0
20 0.3525 0.6015 0.6223 0.6753 0.7232 0.8181 0.8291 1.0359 1.1183 1.1588 1.2042 1.2223 1.5722 1.6069 1.6262 1.6591 1.7615 1.7923 1.827 1.9035 0 0 0 0 0 0 0 0 0 0 0 0 0 0 0 0 0 0 0 0 0 0 0 0 0 0 0 0 0 0 0
4 0.6775 0.7174 1.1415 1.6339 0 0 0 0 0 0 0 0 0 0 0 0 0 0 0 0 0 0 0 0 0 0 0 0 0 0 0 0 0 0 0 0 0 0 0 0 0 0 0 0 0 0 0 0 0 0 0
24 0.6506 0.6717 0.6925 0.8259 0.8622 0.8731 0.9141 0.9811 1.0702 1.1225 1.3943 1.4271 1.5444 1.5737 1.5906 1.5947 1.659 1.6627 1.6939 1.7199 1.7357 1.7508 1.7973 1.8002 0 0 0 0 0 0 0 0 0 0 0 0 0 0 0 0 0 0 0 0 0 0 0 0 0 0 0
10 0.6004 0.7609 0.7746 0.8305 1.03 1.1475 1.5274 1.5878 1.6685 1.7545 0 0 0 0 0 0 0 0 0 0 0 0 0 0 0 0 0 0 0 0 0 0 0 0 0 0 0 0 0 0 0 0 0 0 0 0 0 0 0 0 0
7 0.6001 0.614 0.6556 0.7181 0.8911 1.697 1.7475 0 0 0 0 0 0 0 0 0 0 0 0 0 0 0 0 0 0 0 0 0 0 0 0 0 0 0 0 0 0 0 0 0 0 0 0 0 0 0 0 0 0 0 0
6 0.4485 0.6986 0.7306 1.2121 1.7928 1.8341 0 0 0 0 0 0 0 0 0 0 0 0 0 0 0 0 0 0 0 0 0 0 0 0 0 0 0 0 0 0 0 0 0 0 0 0 0 0 0 0 0 0 0 0 0
25 0.674 0.7047 0.7451 0.7724 0.7866 0.8324 1.0066 1.1902 1.2054 1.4933 1.5149 1.561 1.5728 1.5826 1.6004 1.611 1.6374 1.6494 1.6864 1.7038 1.7281 1.74 1.7554 1.8102 1.8787 0 0 0 0 0 0 0 0 0 0 0 0 0 0 0 0 0 0 0 0 0 0 0 0 0 0
31 0.3344 0.4067 0.4249 0.4428 0.4819 0.5019 0.5297 0.5555 0.5948 0.6173 0.6562 0.7211 0.7748 0.7986 0.8475 0.8611 0.9243 0.9743 1.0705 1.0937 1.0975 1.1289 1.2206 1.2698 1.2903 1.3007 1.4194 1.5792 1.6289 1.6706 1.7246 0 0 0 0 0 0 0 0 0 0 0 0 0 0 0 0 0 0 0 0
26 0.0984 0.2228 0.2801 0.6129 0.6348 0.6581 0.7068 0.7326 0.7616 0.8258 0.8863 0.9678 1.0298 1.1051 1.1533 1.3852 1.5002 1.5376 1.5591 1.5875 1.6202 1.6465 1.6794 1.7411 1.8231 1.8857 0 0 0 0 0 0 0 0 0 0 0 0 0 0 0 0 0 0 0 0 0 0 0 0 0
7 0.6191 0.6874 1.5462 1.5673 1.622 1.6407 1.6779 0 0 0 0 0 0 0 0 0 0 0 0 0 0 0 0 0 0 0 0 0 0 0 0 0 0 0 0 0 0 0 0 0 0 0 0 0 0 0 0 0 0 0 0
17 0.7242 0.7678 0.7754 1.0031 1.0682 1.1867 1.2164 1.5276 1.5587 1.5781 1.6025 1.6087 1.6679 1.7139 1.726 1.7309 1.7664 0 0 0 0 0 0 0 0 0 0 0 0 0 0 0 0 0 0 0 0 0 0 0 0 0 0 0 0 0 0 0 0 0 0
30 0.6203 0.6768 0.6999 0.7503 0.7852 0.8594 0.8758 0.9166 0.946 1.0182 1.0475 1.0528 1.0811 1.106 1.1261 1.1405 1.1753 1.2215 1.2338 1.4586 1.5201 1.5471 1.5595 1.5888 1.6076 1.6469 1.7132 1.7284 1.7704 1.8345 0 0 0 0 0 0 0 0 0 0 0 0 0 0 0 0 0 0 0 0 0
5 0.0913 0.4889 0.6702 0.9257 1.6184 0 0 0 0 0 0 0 0 0 0 0 0 0 0 0 0 0 0 0 0 0 0 0 0 0 0 0 0 0 0 0 0 0 0 0 0 0 0 0 0 0 0 0 0 0 0
10 0.5504 0.5738 0.589 0.6097 0.6729 0.7384 0.9111 1.1225 1.3077 1.338 0 0 0 0 0 0 0 0 0 0 0 0 0 0 0 0 0 0 0 0 0 0 0 0 0 0 0 0 0 0 0 0 0 0 0 0 0 0 0 0 0
7 0.4039 0.4497 0.5922 0.6535 0.6969 0.7643 1.6888 0 0 0 0 0 0 0 0 0 0 0 0 0 0 0 0 0 0 0 0 0 0 0 0 0 0 0 0 0 0 0 0 0 0 0 0 0 0 0 0 0 0 0 0
3 0.5612 0.7953 1.202 0 0 0 0 0 0 0 0 0 0 0 0 0 0 0 0 0 0 0 0 0 0 0 0 0 0 0 0 0 0 0 0 0 0 0 0 0 0 0 0 0 0 0 0 0 0 0 0
4 0.3872 0.7395 1.2932 1.6343 0 0 0 0 0 0 0 0 0 0 0 0 0 0 0 0 0 0 0 0 0 0 0 0 0 0 0 0 0 0 0 0 0 0 0 0 0 0 0 0 0 0 0 0 0 0 0
7 0.6386 0.6408 0.6652 0.7003 0.7403 0.7955 0.812 0 0 0 0 0 0 0 0 0 0 0 0 0 0 0 0 0 0 0 0 0 0 0 0 0 0 0 0 0 0 0 0 0 0 0 0 0 0 0 0 0 0 0 0
8 0.1434 0.23 0.5691 0.5831 0.593 0.6059 0.6089 0.6409 0 0 0 0 0 0 0 0 0 0 0 0 0 0 0 0 0 0 0 0 0 0 0 0 0 0 0 0 0 0 0 0 0 0 0 0 0 0 0 0 0 0 0
7 0.5434 0.5572 0.5706 0.6223 1.1534 1.589 1.611 0 0 0 0 0 0 0 0 0 0 0 0 0 0 0 0 0 0 0 0 0 0 0 0 0 0 0 0 0 0 0 0 0 0 0 0 0 0 0 0 0 0 0 0
23 0.7702 0.8193 0.8668 0.9682 1.0493 1.0688 1.121 1.1929 1.2193 1.2412 1.2638 1.3201 1.3429 1.3766 1.4197 1.487 1.57 1.5905 1.6124 1.6354 1.6619 1.6872 1.8236 0 0 0 0 0 0 0 0 0 0 0 0 0 0 0 0 0 0 0 0 0 0 0 0 0 0 0 0
7 0.6715 0.7602 1.0561 1.098 1.2184 1.5143 1.6218 0 0 0 0 0 0 0 0 0 0 0 0 0 0 0 0 0 0 0 0 0 0 0 0 0 0 0 0 0 0 0 0 0 0 0 0 0 0 0 0 0 0 0 0
12 0.6016 0.6075 1.6435 1.9252 1.9388 1.9749 1.9879 2.0326 2.042 2.0547 2.0617 2.0723 0 0 0 0 0 0 0 0 0 0 0 0 0 0 0 0 0 0 0 0 0 0 0 0 0 0 0 0 0 0 0 0 0 0 0 0 0 0 0
3 1.1001 1.4446 1.6358 0 0 0 0 0 0 0 0 0 0 0 0 0 0 0 0 0 0 0 0 0 0 0 0 0 0 0 0 0 0 0 0 0 0 0 0 0 0 0 0 0 0 0 0 0 0 0 0
36 0.3309 0.3574 0.4833 0.556 0.5771 0.5923 0.6375 0.6492 0.6534 0.6627 0.6898 0.7255 0.768 0.7819 0.8476 0.8534 0.8837 0.9102 0.9822 1.0894 1.1569 1.1666 1.2489 1.3519 1.3727 1.4454 1.4961 1.5095 1.5396 1.5634 1.5826 1.6074 1.6473 1.6576 1.697 1.736 0 0 0 0 0 0 0 0 0 0 0 0 0 0 0
17 0.1352 0.2059 0.2601 0.5798 0.6082 0.6752 0.6775 0.7078 0.7452 0.8201 0.8853 1.2025 1.5902 1.711 1.7218 1.7558 1.8041 0 0 0 0 0 0 0 0 0 0 0 0 0 0 0 0 0 0 0 0 0 0 0 0 0 0 0 0 0 0 0 0 0 0
10 0.5271 0.6304 0.9993 1.0077 1.0118 1.0192 1.3149 1.3305 1.3931 1.8625 0 0 0 0 0 0 0 0 0 0 0 0 0 0 0 0 0 0 0 0 0 0 0 0 0 0 0 0 0 0 0 0 0 0 0 0 0 0 0 0 0
38 0.0855 0.5675 0.5744 0.5762 0.602 0.6213 0.6339 0.635 0.6603 0.673 0.6881 0.7011 0.7118 0.7545 0.7558 0.7704 0.8107 0.8706 0.9107 0.9413 1.0411 1.0894 1.1446 1.1654 1.1788 1.1943 1.2105 1.2372 1.2648 1.2891 1.345 1.3737 1.4202 1.4723 1.4988 1.6106 1.6636 1.7445 0 0 0 0 0 0 0 0 0 0 0 0 0
9 0.0356 0.4779 0.5423 0.5883 0.6316 0.6576 0.6909 0.7141 1.6775 0 0 0 0 0 0 0 0 0 0 0 0 0 0 0 0 0 0 0 0 0 0 0 0 0 0 0 0 0 0 0 0 0 0 0 0 0 0 0 0 0 0
6 0.2297 0.4955 0.5771 1.1176 1.6477 1.7627 0 0 0 0 0 0 0 0 0 0 0 0 0 0 0 0 0 0 0 0 0 0 0 0 0 0 0 0 0 0 0 0 0 0 0 0 0 0 0 0 0 0 0 0 0
29 0.0244 0.6788 0.7029 0.7824 0.8775 1.0126 1.0841 1.1939 1.4366 1.518 1.5419 1.5435 1.5576 1.5779 1.608 1.6332 1.6557 1.667 1.6924 1.7027 1.713 1.7218 1.7374 1.7384 1.7662 1.7965 1.8159 1.8346 1.863 0 0 0 0 0 0 0 0 0 0 0 0 0 0 0 0 0 0 0 0 0 0
6 0.4653 0.5648 0.6469 0.9646 1.1362 1.6887 0 0 0 0 0 0 0 0 0 0 0 0 0 0 0 0 0 0 0 0 0 0 0 0 0 0 0 0 0 0 0 0 0 0 0 0 0 0 0 0 0 0 0 0 0
37 0.0433 0.6405 0.6503 0.6553 0.6936 0.7057 0.7297 0.7365 0.7778 0.7796 0.8028 0.8283 0.8573 0.8613 0.9259 0.9487 0.9749 1.0062 1.0718 1.1287 1.1577 1.2001 1.2262 1.2337 1.2937 1.5242 1.5403 1.5901 1.6066 1.6113 1.6532 1.6705 1.6905 1.7097 1.7343 1.8038 1.8779 0 0 0 0 0 0 0 0 0 0 0 0 0 0
12 0.6527 0.6748 0.7951 0.8999 1.188 1.2232 1.2311 1.6111 1.6571 1.7065 1.7367 1.7674 0 0 0 0 0 0 0 0 0 0 0 0 0 0 0 0 0 0 0 0 0 0 0 0 0 0 0 0 0 0 0 0 0 0 0 0 0 0 0
9 0.0536 0.2998 0.5936 0.759 1.0891 1.5427 1.6428 1.6982 1.7799 0 0 0 0 0 0 0 0 0 0 0 0 0 0 0 0 0 0 0 0 0 0 0 0 0 0 0 0 0 0 0 0 0 0 0 0 0 0 0 0 0 0
15 0.2588 0.5524 0.5546 0.5887 0.6079 0.6466 0.6788 0.7013 0.7202 0.8141 0.9254 1.1397 1.5193 1.5491 1.7257 0 0 0 0 0 0 0 0 0 0 0 0 0 0 0 0 0 0 0 0 0 0 0 0 0 0 0 0 0 0 0 0 0 0 0 0
6 0.4783 0.4991 0.6124 0.6971 0.9154 1.5841 0 0 0 0 0 0 0 0 0 0 0 0 0 0 0 0 0 0 0 0 0 0 0 0 0 0 0 0 0 0 0 0 0 0 0 0 0 0 0 0 0 0 0 0 0
11 0.4502 0.4924 0.4954 0.6476 0.7159 0.7375 0.9517 1.1087 1.5919 1.7155 1.89 0 0 0 0 0 0 0 0 0 0 0 0 0 0 0 0 0 0 0 0 0 0 0 0 0 0 0 0 0 0 0 0 0 0 0 0 0 0 0 0
8 0.1416 0.2832 0.6023 0.6302 0.7038 1.7137 1.7485 1.8095 0 0 0 0 0 0 0 0 0 0 0 0 0 0 0 0 0 0 0 0 0 0 0 0 0 0 0 0 0 0 0 0 0 0 0 0 0 0 0 0 0 0 0
19 0.0091 0.0869 0.2112 0.4573 0.66 0.6963 0.732 0.8286 0.9044 0.9937 1.0153 1.0589 1.4757 1.5131 1.5596 1.6427 1.7182 1.742 1.7679 0 0 0 0 0 0 0 0 0 0 0 0 0 0 0 0 0 0 0 0 0 0 0 0 0 0 0 0 0 0 0 0
3 0.5288 0.9209 1.5699 0 0 0 0 0 0 0 0 0 0 0 0 0 0 0 0 0 0 0 0 0 0 0 0 0 0 0 0 0 0 0 0 0 0 0 0 0 0 0 0 0 0 0 0 0 0 0 0
8 0.0025 0.802 0.8214 0.8233 1.579 1.6221 1.7844 1.8742 0 0 0 0 0 0 0 0 0 0 0 0 0 0 0 0 0 0 0 0 0 0 0 0 0 0 0 0 0 0 0 0 0 0 0 0 0 0 0 0 0 0 0
12 0.4957 0.5239 0.6676 0.7301 0.7465 1.1153 1.5591 1.6492 1.6604 1.7329 1.7688 1.8067 0 0 0 0 0 0 0 0 0 0 0 0 0 0 0 0 0 0 0 0 0 0 0 0 0 0 0 0 0 0 0 0 0 0 0 0 0 0 0
7 0.3557 0.5727 0.6048 0.7004 1.0323 1.3293 1.5322 0 0 0 0 0 0 0 0 0 0 0 0 0 0 0 0 0 0 0 0 0 0 0 0 0 0 0 0 0 0 0 0 0 0 0 0 0 0 0 0 0 0 0 0
9 0.1559 0.5791 0.6241 0.6832 0.6853 0.7454 0.9329 1.7711 1.853 0 0 0 0 0 0 0 0 0 0 0 0 0 0 0 0 0 0 0 0 0 0 0 0 0 0 0 0 0 0 0 0 0 0 0 0 0 0 0 0 0 0
13 0.0665 0.0864 0.1665 0.2166 0.3187 0.612 0.6155 0.6173 0.6298 0.639 0.6936 0.7501 1.13 0 0 0 0 0 0 0 0 0 0 0 0 0 0 0 0 0 0 0 0 0 0 0 0 0 0 0 0 0 0 0 0 0 0 0 0 0 0
8 0.3558 0.3614 0.4034 0.5074 0.5113 0.5676 0.7763 1.2047 0 0 0 0 0 0 0 0 0 0 0 0 0 0 0 0 0 0 0 0 0 0 0 0 0 0 0 0 0 0 0 0 0 0 0 0 0 0 0 0 0 0 0
8 0.2191 0.5773 0.5809 0.5961 0.6388 0.6507 0.7107 1.5986 0 0 0 0 0 0 0 0 0 0 0 0 0 0 0 0 0 0 0 0 0 0 0 0 0 0 0 0 0 0 0 0 0 0 0 0 0 0 0 0 0 0 0
6 0.5261 0.6701 0.6744 0.7475 0.8549 1.739 0 0 0 0 0 0 0 0 0 0 0 0 0 0 0 0 0 0 0 0 0 0 0 0 0 0 0 0 0 0 0 0 0 0 0 0 0 0 0 0 0 0 0 0 0
8 0.2008 0.6364 0.7034 0.7119 1.1295 1.5213 1.5862 1.762 0 0 0 0 0 0 0 0 0 0 0 0 0 0 0 0 0 0 0 0 0 0 0 0 0 0 0 0 0 0 0 0 0 0 0 0 0 0 0 0 0 0 0
10 0.3671 0.371 1.1853 1.2357 1.3107 1.6462 1.6694 1.7227 1.7962 1.8539 0 0 0 0 0 0 0 0 0 0 0 0 0 0 0 0 0 0 0 0 0 0 0 0 0 0 0 0 0 0 0 0 0 0 0 0 0 0 0 0 0
20 0.7153 0.8041 0.8747 0.8938 1.1654 1.2879 1.3458 1.5489 1.6069 1.6163 1.6329 1.6699 1.6852 1.6916 1.7222 1.7645 1.825 1.8612 1.951 1.9943 0 0 0 0 0 0 0 0 0 0 0 0 0 0 0 0 0 0 0 0 0 0 0 0 0 0 0 0 0 0 0
20 0.6515 0.6683 0.696 0.7295 0.7463 0.955 1.0817 1.1497 1.1693 1.2084 1.2304 1.323 1.3642 1.4411 1.5175 1.56 1.6014 1.6263 1.8734 1.8925 0 0 0 0 0 0 0 0 0 0 0 0 0 0 0 0 0 0 0 0 0 0 0 0 0 0 0 0 0 0 0
11 0.6196 0.674 0.6886 0.7429 0.7795 0.81 0.8662 1.1803 1.2067 1.8805 1.9532 0 0 0 0 0 0 0 0 0 0 0 0 0 0 0 0 0 0 0 0 0 0 0 0 0 0 0 0 0 0 0 0 0 0 0 0 0 0 0 0
9 0.4579 0.5318 0.5344 0.599 0.6338 0.6474 1.1731 1.216 1.679 0 0 0 0 0 0 0 0 0 0 0 0 0 0 0 0 0 0 0 0 0 0 0 0 0 0 0 0 0 0 0 0 0 0 0 0 0 0 0 0 0 0
5 0.5971 0.6298 0.7284 1.0143 1.7013 0 0 0 0 0 0 0 0 0 0 0 0 0 0 0 0 0 0 0 0 0 0 0 0 0 0 0 0 0 0 0 0 0 0 0 0 0 0 0 0 0 0 0 0 0 0
13 0.0176 0.0516 0.0609 0.0668 0.0703 0.1136 0.1872 0.2442 0.7983 1.1283 1.2433 1.6314 1.7922 0 0 0 0 0 0 0 0 0 0 0 0 0 0 0 0 0 0 0 0 0 0 0 0 0 0 0 0 0 0 0 0 0 0 0 0 0 0
6 0.2298 0.7058 0.7603 1.1445 1.6052 1.7496 0 0 0 0 0 0 0 0 0 0 0 0 0 0 0 0 0 0 0 0 0 0 0 0 0 0 0 0 0 0 0 0 0 0 0 0 0 0 0 0 0 0 0 0 0
