87 0.0019 0.0529 0.1427 0.2202 0.2651 0.2932 0.3607 0.4784 0.5416 0.5838 0.6387 0.6744 0.7278 0.7451 0.8197 0.8486 0.8862 0.903 0.9201 0.9515 0.9772 1.0068 1.0224 1.0512 1.1004 1.1364 1.1441 1.1791 1.2236 1.2363 1.2676 1.2786 1.3124 1.3246 1.3365 1.3663 1.3695 1.3838 1.406 1.4098 1.4352 1.4415 1.4627 1.4765 1.4817 1.5048 1.5127 1.5366 1.5424 1.5515 1.6094 1.6247 1.6456 1.6675 1.6795 1.6961 1.7063 1.7225 1.7251 1.7435 1.7549 1.7593 1.7616 1.7741 1.7798 1.7999 1.8032 1.8104 1.8227 1.8287 1.8438 1.8473 1.8699 1.879 1.9157 1.9282 1.9332 1.9404 1.9479 1.9653 1.9881 1.9978 2.0105 2.0261 2.0647 2.1047 2.1843 0 0 0 0
8 0.3126 0.355 0.3655 0.4038 0.4395 0.5329 0.593 1.5248 0 0 0 0 0 0 0 0 0 0 0 0 0 0 0 0 0 0 0 0 0 0 0 0 0 0 0 0 0 0 0 0 0 0 0 0 0 0 0 0 0 0 0 0 0 0 0 0 0 0 0 0 0 0 0 0 0 0 0 0 0 0 0 0 0 0 0 0 0 0 0 0 0 0 0 0 0 0 0 0 0 0 0
8 0.1031 0.2433 0.3481 0.5242 0.5538 0.7406 0.8813 1.3585 0 0 0 0 0 0 0 0 0 0 0 0 0 0 0 0 0 0 0 0 0 0 0 0 0 0 0 0 0 0 0 0 0 0 0 0 0 0 0 0 0 0 0 0 0 0 0 0 0 0 0 0 0 0 0 0 0 0 0 0 0 0 0 0 0 0 0 0 0 0 0 0 0 0 0 0 0 0 0 0 0 0 0
16 0.2477 0.3118 0.3945 0.5254 0.576 0.7007 0.85 1.2097 1.2412 1.427 1.5434 1.6823 1.7596 1.8526 1.993 2.2354 0 0 0 0 0 0 0 0 0 0 0 0 0 0 0 0 0 0 0 0 0 0 0 0 0 0 0 0 0 0 0 0 0 0 0 0 0 0 0 0 0 0 0 0 0 0 0 0 0 0 0 0 0 0 0 0 0 0 0 0 0 0 0 0 0 0 0 0 0 0 0 0 0 0 0
44 0.6717 0.7157 0.8019 0.8807 0.9244 0.9467 0.9558 0.9955 1.0115 1.038 1.0635 1.0732 1.0936 1.1156 1.1355 1.1496 1.1759 1.1821 1.2021 1.2195 1.241 1.2965 1.3813 1.4494 1.4707 1.4832 1.5104 1.5257 1.5461 1.5544 1.572 1.5812 1.5954 1.616 1.6324 1.6689 1.6838 1.6985 1.726 1.7496 1.7572 1.7888 1.8152 2.1154 0 0 0 0 0 0 0 0 0 0 0 0 0 0 0 0 0 0 0 0 0 0 0 0 0 0 0 0 0 0 0 0 0 0 0 0 0 0 0 0 0 0 0 0 0 0 0
8 0.1124 0.2738 0.4271 0.5477 0.6597 1.2884 1.508 2.0983 0 0 0 0 0 0 0 0 0 0 0 0 0 0 0 0 0 0 0 0 0 0 0 0 0 0 0 0 0 0 0 0 0 0 0 0 0 0 0 0 0 0 0 0 0 0 0 0 0 0 0 0 0 0 0 0 0 0 0 0 0 0 0 0 0 0 0 0 0 0 0 0 0 0 0 0 0 0 0 0 0 0 0
15 0.0014 0.0338 0.2002 0.2987 0.6044 0.6955 0.7683 0.8618 0.9453 1.0731 1.3116 1.355 1.4191 1.5143 2.2509 0 0 0 0 0 0 0 0 0 0 0 0 0 0 0 0 0 0 0 0 0 0 0 0 0 0 0 0 0 0 0 0 0 0 0 0 0 0 0 0 0 0 0 0 0 0 0 0 0 0 0 0 0 0 0 0 0 0 0 0 0 0 0 0 0 0 0 0 0 0 0 0 0 0 0 0
28 0.2335 0.3546 0.3936 0.5233 0.6253 0.6964 0.7531 0.8045 0.8345 0.8915 0.9591 1.0402 1.096 1.162 1.204 1.2307 1.2734 1.3281 1.4011 1.482 1.6244 1.6921 1.73 1.7816 1.7904 1.9873 2.0562 2.2067 0 0 0 0 0 0 0 0 0 0 0 0 0 0 0 0 0 0 0 0 0 0 0 0 0 0 0 0 0 0 0 0 0 0 0 0 0 0 0 0 0 0 0 0 0 0 0 0 0 0 0 0 0 0 0 0 0 0 0 0 0 0 0
54 0.6738 0.7014 0.7171 0.7584 0.8178 0.8491 0.9232 0.9378 0.9768 1.0176 1.0346 1.0806 1.1169 1.1239 1.1793 1.1858 1.2334 1.2433 1.2605 1.2968 1.3027 1.3321 1.3538 1.3719 1.3855 1.4525 1.5393 1.6049 1.645 1.6743 1.7127 1.7275 1.756 1.763 1.7825 1.7899 1.7952 1.8118 1.8168 1.8444 1.8525 1.8659 1.8765 1.8936 1.8983 1.9133 1.9199 1.9375 1.94 1.9678 1.9891 2.0181 2.0845 2.3339 0 0 0 0 0 0 0 0 0 0 0 0 0 0 0 0 0 0 0 0 0 0 0 0 0 0 0 0 0 0 0 0 0 0 0 0 0
7 0.0015 0.0483 0.6344 1.1924 1.6662 1.7367 1.7801 0 0 0 0 0 0 0 0 0 0 0 0 0 0 0 0 0 0 0 0 0 0 0 0 0 0 0 0 0 0 0 0 0 0 0 0 0 0 0 0 0 0 0 0 0 0 0 0 0 0 0 0 0 0 0 0 0 0 0 0 0 0 0 0 0 0 0 0 0 0 0 0 0 0 0 0 0 0 0 0 0 0 0 0
10 0.2804 0.5786 0.6454 0.8002 1.1076 1.3292 1.4147 1.5338 1.6153 1.9079 0 0 0 0 0 0 0 0 0 0 0 0 0 0 0 0 0 0 0 0 0 0 0 0 0 0 0 0 0 0 0 0 0 0 0 0 0 0 0 0 0 0 0 0 0 0 0 0 0 0 0 0 0 0 0 0 0 0 0 0 0 0 0 0 0 0 0 0 0 0 0 0 0 0 0 0 0 0 0 0 0
66 0.0014 0.0919 0.2938 0.5606 0.6846 0.7225 0.7329 0.7551 0.7772 0.8137 0.8564 0.8697 0.9016 0.9208 0.956 0.9766 1.0006 1.0318 1.0432 1.0564 1.0812 1.0892 1.1104 1.1175 1.1201 1.1298 1.1517 1.1662 1.1863 1.1946 1.2224 1.2372 1.2507 1.2699 1.3048 1.3614 1.3914 1.4287 1.4332 1.4556 1.4784 1.5027 1.5256 1.5371 1.5632 1.567 1.5828 1.5998 1.6156 1.6217 1.6269 1.6532 1.6738 1.7212 1.7264 1.7459 1.7514 1.7958 1.8143 1.8393 1.8502 1.8804 1.8996 1.9508 2.1323 2.1759 0 0 0 0 0 0 0 0 0 0 0 0 0 0 0 0 0 0 0 0 0 0 0 0 0
8 0.0014 0.2626 0.6174 0.7387 0.7793 0.9806 1.2856 1.5454 0 0 0 0 0 0 0 0 0 0 0 0 0 0 0 0 0 0 0 0 0 0 0 0 0 0 0 0 0 0 0 0 0 0 0 0 0 0 0 0 0 0 0 0 0 0 0 0 0 0 0 0 0 0 0 0 0 0 0 0 0 0 0 0 0 0 0 0 0 0 0 0 0 0 0 0 0 0 0 0 0 0 0
7 0.0014 0.3696 1.3642 1.4088 1.4917 1.8511 1.9069 0 0 0 0 0 0 0 0 0 0 0 0 0 0 0 0 0 0 0 0 0 0 0 0 0 0 0 0 0 0 0 0 0 0 0 0 0 0 0 0 0 0 0 0 0 0 0 0 0 0 0 0 0 0 0 0 0 0 0 0 0 0 0 0 0 0 0 0 0 0 0 0 0 0 0 0 0 0 0 0 0 0 0 0
55 0.0014 0.1464 0.239 0.6087 0.6591 0.7038 0.7366 0.7492 0.7845 0.8085 0.8738 0.914 0.9179 0.9495 0.9551 0.969 1.0259 1.0357 1.0642 1.0871 1.1007 1.1313 1.1397 1.1648 1.1999 1.23 1.2493 1.2552 1.2713 1.2985 1.321 1.3383 1.3732 1.386 1.4311 1.4377 1.465 1.4861 1.5098 1.5199 1.5429 1.5604 1.5843 1.5891 1.6034 1.6145 1.6389 1.645 1.674 1.6892 1.7136 1.7296 1.7603 1.7752 1.8166 0 0 0 0 0 0 0 0 0 0 0 0 0 0 0 0 0 0 0 0 0 0 0 0 0 0 0 0 0 0 0 0 0 0 0 0
66 0.0014 0.3657 0.5871 0.6019 0.6444 0.6608 0.6927 0.7023 0.7326 0.7396 0.7772 0.7911 0.8022 0.8268 0.8603 0.8778 0.8866 0.8952 0.9151 0.9225 0.9592 0.965 0.9804 1.0125 1.0495 1.0583 1.0836 1.1136 1.1272 1.148 1.1715 1.1849 1.1927 1.2177 1.2343 1.2444 1.2682 1.2783 1.3228 1.338 1.3919 1.4262 1.4517 1.4826 1.5022 1.5059 1.5567 1.5599 1.5856 1.5883 1.6023 1.634 1.6528 1.6681 1.6803 1.6883 1.7006 1.7263 1.7527 1.7566 1.7798 1.8028 1.817 1.8488 1.8751 1.8935 0 0 0 0 0 0 0 0 0 0 0 0 0 0 0 0 0 0 0 0 0 0 0 0 0
12 0.648 1.0378 1.2405 1.3036 1.3902 1.4384 1.6287 1.7223 1.8172 1.9551 2.0477 2.1861 0 0 0 0 0 0 0 0 0 0 0 0 0 0 0 0 0 0 0 0 0 0 0 0 0 0 0 0 0 0 0 0 0 0 0 0 0 0 0 0 0 0 0 0 0 0 0 0 0 0 0 0 0 0 0 0 0 0 0 0 0 0 0 0 0 0 0 0 0 0 0 0 0 0 0 0 0 0 0
15 0.0014 0.0496 0.2876 0.5665 0.6973 0.7918 1.0097 1.1502 1.3467 1.3768 1.4217 1.491 1.5901 1.7457 1.8 0 0 0 0 0 0 0 0 0 0 0 0 0 0 0 0 0 0 0 0 0 0 0 0 0 0 0 0 0 0 0 0 0 0 0 0 0 0 0 0 0 0 0 0 0 0 0 0 0 0 0 0 0 0 0 0 0 0 0 0 0 0 0 0 0 0 0 0 0 0 0 0 0 0 0 0
22 0.0014 0.1132 0.3317 0.4406 0.5945 0.619 0.8139 0.9119 1.0994 1.1865 1.261 1.3275 1.3934 1.4851 1.54 1.6095 1.6673 1.7454 1.8033 1.8461 1.8659 1.905 0 0 0 0 0 0 0 0 0 0 0 0 0 0 0 0 0 0 0 0 0 0 0 0 0 0 0 0 0 0 0 0 0 0 0 0 0 0 0 0 0 0 0 0 0 0 0 0 0 0 0 0 0 0 0 0 0 0 0 0 0 0 0 0 0 0 0 0 0
5 0.0014 0.1524 0.6386 1.1237 1.2585 0 0 0 0 0 0 0 0 0 0 0 0 0 0 0 0 0 0 0 0 0 0 0 0 0 0 0 0 0 0 0 0 0 0 0 0 0 0 0 0 0 0 0 0 0 0 0 0 0 0 0 0 0 0 0 0 0 0 0 0 0 0 0 0 0 0 0 0 0 0 0 0 0 0 0 0 0 0 0 0 0 0 0 0 0 0
60 0.6886 0.7371 0.7459 0.7882 0.811 0.8202 0.8533 0.8888 0.8997 0.9511 0.9721 0.9866 1.0334 1.0546 1.0783 1.0884 1.0961 1.1229 1.1296 1.1599 1.1637 1.2012 1.205 1.2186 1.2562 1.2625 1.3117 1.3424 1.375 1.3913 1.435 1.4496 1.4553 1.4789 1.4881 1.5097 1.5228 1.532 1.5439 1.5641 1.569 1.5781 1.5978 1.6093 1.6299 1.6427 1.6503 1.6718 1.6826 1.6973 1.7109 1.7268 1.7441 1.7531 1.7714 1.7857 1.8142 1.8326 1.8639 1.9327 0 0 0 0 0 0 0 0 0 0 0 0 0 0 0 0 0 0 0 0 0 0 0 0 0 0 0 0 0 0 0
2 0.5599 0.7372 0 0 0 0 0 0 0 0 0 0 0 0 0 0 0 0 0 0 0 0 0 0 0 0 0 0 0 0 0 0 0 0 0 0 0 0 0 0 0 0 0 0 0 0 0 0 0 0 0 0 0 0 0 0 0 0 0 0 0 0 0 0 0 0 0 0 0 0 0 0 0 0 0 0 0 0 0 0 0 0 0 0 0 0 0 0 0 0 0
52 0.0342 0.2692 0.4631 0.6123 0.6397 0.6623 0.7001 0.7335 0.7563 0.7915 0.864 0.8982 0.9206 0.964 1.0068 1.0207 1.0608 1.0833 1.1231 1.1312 1.1688 1.1774 1.1941 1.2267 1.2371 1.2543 1.2707 1.2762 1.314 1.3269 1.3631 1.3849 1.459 1.4907 1.5008 1.5331 1.5454 1.5577 1.5692 1.5913 1.6001 1.607 1.6124 1.6461 1.6608 1.6878 1.702 1.7055 1.7563 1.7756 1.8116 1.851 0 0 0 0 0 0 0 0 0 0 0 0 0 0 0 0 0 0 0 0 0 0 0 0 0 0 0 0 0 0 0 0 0 0 0 0 0 0 0
11 0.0014 0.4512 0.599 0.6657 0.7294 0.9549 1.3181 1.358 1.4867 1.8266 2.196 0 0 0 0 0 0 0 0 0 0 0 0 0 0 0 0 0 0 0 0 0 0 0 0 0 0 0 0 0 0 0 0 0 0 0 0 0 0 0 0 0 0 0 0 0 0 0 0 0 0 0 0 0 0 0 0 0 0 0 0 0 0 0 0 0 0 0 0 0 0 0 0 0 0 0 0 0 0 0 0
39 0.0014 0.0962 0.2304 0.7028 0.7449 0.758 0.8026 0.8196 0.8676 0.9146 0.927 0.9981 1.0448 1.0685 1.1226 1.1398 1.1526 1.1765 1.193 1.2051 1.2263 1.2505 1.3616 1.4095 1.4361 1.4639 1.4849 1.4907 1.5216 1.5735 1.6003 1.6482 1.6624 1.6867 1.7125 1.7484 1.7791 1.9855 2.1137 0 0 0 0 0 0 0 0 0 0 0 0 0 0 0 0 0 0 0 0 0 0 0 0 0 0 0 0 0 0 0 0 0 0 0 0 0 0 0 0 0 0 0 0 0 0 0 0 0 0 0 0
46 0.0014 0.4965 0.5846 0.6451 0.6862 0.746 0.7874 0.8272 0.9127 0.9708 0.9846 1.0547 1.1041 1.1368 1.1436 1.1827 1.2235 1.2317 1.2642 1.2841 1.3696 1.4205 1.4308 1.4515 1.4879 1.501 1.5123 1.5313 1.5713 1.5887 1.5977 1.6213 1.6446 1.6514 1.6609 1.684 1.6874 1.7079 1.7252 1.7355 1.7668 1.793 1.8226 1.8656 2.1026 2.1768 0 0 0 0 0 0 0 0 0 0 0 0 0 0 0 0 0 0 0 0 0 0 0 0 0 0 0 0 0 0 0 0 0 0 0 0 0 0 0 0 0 0 0 0 0
6 0.0014 0.437 0.8424 1.3745 1.4582 1.7026 0 0 0 0 0 0 0 0 0 0 0 0 0 0 0 0 0 0 0 0 0 0 0 0 0 0 0 0 0 0 0 0 0 0 0 0 0 0 0 0 0 0 0 0 0 0 0 0 0 0 0 0 0 0 0 0 0 0 0 0 0 0 0 0 0 0 0 0 0 0 0 0 0 0 0 0 0 0 0 0 0 0 0 0 0
11 0.5746 0.6895 0.798 0.9712 1.1144 1.2374 1.4195 1.4399 1.473 1.4847 1.5429 0 0 0 0 0 0 0 0 0 0 0 0 0 0 0 0 0 0 0 0 0 0 0 0 0 0 0 0 0 0 0 0 0 0 0 0 0 0 0 0 0 0 0 0 0 0 0 0 0 0 0 0 0 0 0 0 0 0 0 0 0 0 0 0 0 0 0 0 0 0 0 0 0 0 0 0 0 0 0 0
14 0.4981 0.6197 0.6413 0.7549 0.8802 0.9657 1.1235 1.5526 1.5891 1.6283 1.7275 1.9338 2.1595 2.2121 0 0 0 0 0 0 0 0 0 0 0 0 0 0 0 0 0 0 0 0 0 0 0 0 0 0 0 0 0 0 0 0 0 0 0 0 0 0 0 0 0 0 0 0 0 0 0 0 0 0 0 0 0 0 0 0 0 0 0 0 0 0 0 0 0 0 0 0 0 0 0 0 0 0 0 0 0
58 0.3274 0.4719 0.5488 0.5875 0.5985 0.6238 0.6519 0.663 0.6938 0.7062 0.7152 0.7497 0.7713 0.8384 0.8592 0.9039 0.938 0.9534 0.9743 1.0059 1.019 1.046 1.0727 1.0977 1.1308 1.1579 1.1714 1.1996 1.2046 1.239 1.2458 1.2823 1.3256 1.3886 1.417 1.4234 1.4631 1.4712 1.4869 1.501 1.5101 1.5181 1.5649 1.5848 1.5923 1.6332 1.6531 1.6974 1.7016 1.7323 1.7397 1.7473 1.7695 1.785 1.8019 1.8122 1.8262 1.8647 0 0 0 0 0 0 0 0 0 0 0 0 0 0 0 0 0 0 0 0 0 0 0 0 0 0 0 0 0 0 0 0 0
0 0 0 0 0 0 0 0 0 0 0 0 0 0 0 0 0 0 0 0 0 0 0 0 0 0 0 0 0 0 0 0 0 0 0 0 0 0 0 0 0 0 0 0 0 0 0 0 0 0 0 0 0 0 0 0 0 0 0 0 0 0 0 0 0 0 0 0 0 0 0 0 0 0 0 0 0 0 0 0 0 0 0 0 0 0 0 0 0 0 0 0
11 0.0014 0.2762 0.6639 0.7756 0.8722 1.0127 1.2808 1.3264 1.5718 1.747 1.8201 0 0 0 0 0 0 0 0 0 0 0 0 0 0 0 0 0 0 0 0 0 0 0 0 0 0 0 0 0 0 0 0 0 0 0 0 0 0 0 0 0 0 0 0 0 0 0 0 0 0 0 0 0 0 0 0 0 0 0 0 0 0 0 0 0 0 0 0 0 0 0 0 0 0 0 0 0 0 0 0
18 0.7621 0.8457 0.8956 0.9802 1.0844 1.1439 1.2426 1.2987 1.3193 1.4437 1.484 1.5408 1.7513 1.8247 1.868 1.8895 2.0373 2.1806 0 0 0 0 0 0 0 0 0 0 0 0 0 0 0 0 0 0 0 0 0 0 0 0 0 0 0 0 0 0 0 0 0 0 0 0 0 0 0 0 0 0 0 0 0 0 0 0 0 0 0 0 0 0 0 0 0 0 0 0 0 0 0 0 0 0 0 0 0 0 0 0 0
4 0.0396 0.5978 0.7125 1.4467 0 0 0 0 0 0 0 0 0 0 0 0 0 0 0 0 0 0 0 0 0 0 0 0 0 0 0 0 0 0 0 0 0 0 0 0 0 0 0 0 0 0 0 0 0 0 0 0 0 0 0 0 0 0 0 0 0 0 0 0 0 0 0 0 0 0 0 0 0 0 0 0 0 0 0 0 0 0 0 0 0 0 0 0 0 0 0
5 0.8192 1.2994 1.3471 1.7105 1.8092 0 0 0 0 0 0 0 0 0 0 0 0 0 0 0 0 0 0 0 0 0 0 0 0 0 0 0 0 0 0 0 0 0 0 0 0 0 0 0 0 0 0 0 0 0 0 0 0 0 0 0 0 0 0 0 0 0 0 0 0 0 0 0 0 0 0 0 0 0 0 0 0 0 0 0 0 0 0 0 0 0 0 0 0 0 0
14 0.1083 0.4792 0.808 1.0651 1.1336 1.2504 1.3005 1.4988 1.5928 1.669 1.7003 1.7403 1.7963 1.8064 0 0 0 0 0 0 0 0 0 0 0 0 0 0 0 0 0 0 0 0 0 0 0 0 0 0 0 0 0 0 0 0 0 0 0 0 0 0 0 0 0 0 0 0 0 0 0 0 0 0 0 0 0 0 0 0 0 0 0 0 0 0 0 0 0 0 0 0 0 0 0 0 0 0 0 0 0
7 0.0014 0.5076 0.7067 0.7399 0.9973 1.1759 1.6833 0 0 0 0 0 0 0 0 0 0 0 0 0 0 0 0 0 0 0 0 0 0 0 0 0 0 0 0 0 0 0 0 0 0 0 0 0 0 0 0 0 0 0 0 0 0 0 0 0 0 0 0 0 0 0 0 0 0 0 0 0 0 0 0 0 0 0 0 0 0 0 0 0 0 0 0 0 0 0 0 0 0 0 0
5 0.7903 1.3233 1.3614 1.5423 2.225 0 0 0 0 0 0 0 0 0 0 0 0 0 0 0 0 0 0 0 0 0 0 0 0 0 0 0 0 0 0 0 0 0 0 0 0 0 0 0 0 0 0 0 0 0 0 0 0 0 0 0 0 0 0 0 0 0 0 0 0 0 0 0 0 0 0 0 0 0 0 0 0 0 0 0 0 0 0 0 0 0 0 0 0 0 0
45 0.0014 0.0896 0.5723 0.6218 0.7376 0.7822 0.8458 0.9009 0.9273 0.9627 0.9943 1.0106 1.041 1.052 1.0847 1.0968 1.1158 1.1253 1.154 1.1629 1.2057 1.2125 1.2376 1.2546 1.2962 1.3738 1.4172 1.4693 1.4874 1.4926 1.5207 1.5449 1.5531 1.5682 1.5814 1.59 1.613 1.6225 1.6536 1.6876 1.7226 1.7554 1.7729 1.9175 2.0382 0 0 0 0 0 0 0 0 0 0 0 0 0 0 0 0 0 0 0 0 0 0 0 0 0 0 0 0 0 0 0 0 0 0 0 0 0 0 0 0 0 0 0 0 0 0
64 0.0014 0.2704 0.5214 0.5973 0.6279 0.6513 0.671 0.6959 0.7622 0.7953 0.8071 0.8514 0.8665 0.9064 0.9138 0.9418 0.9501 0.9793 0.9869 1.025 1.0298 1.0345 1.0654 1.0834 1.0927 1.1177 1.1377 1.1426 1.1581 1.1816 1.196 1.2121 1.2173 1.2464 1.2693 1.2943 1.3067 1.344 1.3923 1.4651 1.4707 1.5244 1.5398 1.5454 1.5635 1.5885 1.6041 1.6094 1.6268 1.6435 1.6626 1.674 1.6857 1.6934 1.7121 1.7172 1.7498 1.7657 1.7829 1.8077 1.8199 1.8353 1.838 1.8778 0 0 0 0 0 0 0 0 0 0 0 0 0 0 0 0 0 0 0 0 0 0 0 0 0 0 0
59 0.0014 0.5981 0.663 0.6734 0.6859 0.7083 0.74 0.756 0.7743 0.806 0.837 0.8633 0.8934 0.9113 0.9465 0.9583 0.9959 1.0114 1.0379 1.0522 1.0867 1.0922 1.1241 1.1366 1.1572 1.1608 1.1784 1.209 1.2196 1.2341 1.2524 1.2642 1.2852 1.3058 1.3157 1.3416 1.3756 1.3953 1.4263 1.445 1.4732 1.5041 1.5122 1.5411 1.5642 1.572 1.6141 1.6275 1.6431 1.6521 1.6893 1.7092 1.7203 1.7546 1.7597 1.7839 1.8096 1.8513 1.8965 0 0 0 0 0 0 0 0 0 0 0 0 0 0 0 0 0 0 0 0 0 0 0 0 0 0 0 0 0 0 0 0
5 0.0014 0.4239 0.6539 0.7603 1.566 0 0 0 0 0 0 0 0 0 0 0 0 0 0 0 0 0 0 0 0 0 0 0 0 0 0 0 0 0 0 0 0 0 0 0 0 0 0 0 0 0 0 0 0 0 0 0 0 0 0 0 0 0 0 0 0 0 0 0 0 0 0 0 0 0 0 0 0 0 0 0 0 0 0 0 0 0 0 0 0 0 0 0 0 0 0
10 0.0014 0.5155 0.6669 1.2343 1.5298 1.6276 1.6429 1.6629 1.757 1.7828 0 0 0 0 0 0 0 0 0 0 0 0 0 0 0 0 0 0 0 0 0 0 0 0 0 0 0 0 0 0 0 0 0 0 0 0 0 0 0 0 0 0 0 0 0 0 0 0 0 0 0 0 0 0 0 0 0 0 0 0 0 0 0 0 0 0 0 0 0 0 0 0 0 0 0 0 0 0 0 0 0
16 0.329 0.3988 0.6194 0.6946 0.776 1.0664 1.1734 1.2299 1.3136 1.4222 1.4806 1.5336 1.618 1.7458 1.7981 1.8736 0 0 0 0 0 0 0 0 0 0 0 0 0 0 0 0 0 0 0 0 0 0 0 0 0 0 0 0 0 0 0 0 0 0 0 0 0 0 0 0 0 0 0 0 0 0 0 0 0 0 0 0 0 0 0 0 0 0 0 0 0 0 0 0 0 0 0 0 0 0 0 0 0 0 0
62 0.0014 0.1023 0.5258 0.6069 0.6726 0.6983 0.7267 0.7616 0.7829 0.7958 0.8295 0.8507 0.897 0.925 0.9464 0.9502 0.9793 0.9975 1.0418 1.0518 1.068 1.0916 1.1045 1.1117 1.135 1.1509 1.17 1.1802 1.2028 1.2268 1.253 1.26 1.3123 1.318 1.3694 1.3767 1.4082 1.427 1.4356 1.4696 1.4807 1.4954 1.5042 1.5182 1.5343 1.5491 1.5646 1.5831 1.5977 1.6051 1.6272 1.6363 1.6682 1.671 1.6897 1.7124 1.7231 1.7568 1.7768 1.7945 1.8065 1.9004 0 0 0 0 0 0 0 0 0 0 0 0 0 0 0 0 0 0 0 0 0 0 0 0 0 0 0 0 0
8 0.0014 0.1975 0.3569 0.7339 0.8793 1.4137 1.7418 2.1898 0 0 0 0 0 0 0 0 0 0 0 0 0 0 0 0 0 0 0 0 0 0 0 0 0 0 0 0 0 0 0 0 0 0 0 0 0 0 0 0 0 0 0 0 0 0 0 0 0 0 0 0 0 0 0 0 0 0 0 0 0 0 0 0 0 0 0 0 0 0 0 0 0 0 0 0 0 0 0 0 0 0 0
46 0.1506 0.2945 0.3957 0.4704 0.7253 0.7692 0.7932 0.8622 0.9299 0.9702 0.9977 1.0633 1.1126 1.1175 1.1245 1.1788 1.1887 1.2173 1.238 1.2686 1.3046 1.3776 1.4347 1.48 1.5286 1.5573 1.5646 1.5791 1.6054 1.6325 1.6651 1.6834 1.7382 1.7876 1.8176 1.8461 1.8579 1.8761 1.8984 1.9106 1.9197 1.9422 1.9599 2.052 2.1134 2.3874 0 0 0 0 0 0 0 0 0 0 0 0 0 0 0 0 0 0 0 0 0 0 0 0 0 0 0 0 0 0 0 0 0 0 0 0 0 0 0 0 0 0 0 0 0
64 0.6068 0.6566 0.6704 0.6875 0.7069 0.7343 0.7551 0.7852 0.7989 0.8339 0.839 0.8763 0.886 0.9155 0.9454 0.9708 0.9882 1.0105 1.0248 1.0334 1.0559 1.0672 1.0701 1.1033 1.1134 1.1258 1.1428 1.1536 1.1685 1.1892 1.1984 1.2233 1.2405 1.2484 1.3001 1.3177 1.3332 1.3538 1.3754 1.391 1.4195 1.4673 1.4941 1.5125 1.5331 1.5409 1.5586 1.5679 1.5843 1.6044 1.6086 1.6385 1.6497 1.6567 1.6651 1.6908 1.7078 1.7123 1.7361 1.758 1.7715 1.7959 1.8108 1.863 0 0 0 0 0 0 0 0 0 0 0 0 0 0 0 0 0 0 0 0 0 0 0 0 0 0 0
10 0.4458 0.531 0.5937 0.7848 1.5321 1.7346 1.9657 2.0339 2.2608 2.4211 0 0 0 0 0 0 0 0 0 0 0 0 0 0 0 0 0 0 0 0 0 0 0 0 0 0 0 0 0 0 0 0 0 0 0 0 0 0 0 0 0 0 0 0 0 0 0 0 0 0 0 0 0 0 0 0 0 0 0 0 0 0 0 0 0 0 0 0 0 0 0 0 0 0 0 0 0 0 0 0 0
7 0.6989 0.7182 1.0348 1.2877 1.8381 1.883 1.9401 0 0 0 0 0 0 0 0 0 0 0 0 0 0 0 0 0 0 0 0 0 0 0 0 0 0 0 0 0 0 0 0 0 0 0 0 0 0 0 0 0 0 0 0 0 0 0 0 0 0 0 0 0 0 0 0 0 0 0 0 0 0 0 0 0 0 0 0 0 0 0 0 0 0 0 0 0 0 0 0 0 0 0 0
49 0.6432 0.6803 0.7219 0.7558 0.8137 0.8287 0.8667 0.8744 0.9037 0.93 0.9469 0.9561 0.9773 0.9932 0.9997 1.0314 1.037 1.0526 1.065 1.0781 1.0989 1.129 1.1484 1.1879 1.2078 1.2571 1.2639 1.3115 1.3406 1.3609 1.3877 1.4364 1.4827 1.5261 1.5371 1.5665 1.5871 1.6051 1.6187 1.6398 1.6428 1.6691 1.6853 1.7009 1.7194 1.7296 1.7615 1.7976 1.8509 0 0 0 0 0 0 0 0 0 0 0 0 0 0 0 0 0 0 0 0 0 0 0 0 0 0 0 0 0 0 0 0 0 0 0 0 0 0 0 0 0 0
3 0.7199 1.5194 2.2836 0 0 0 0 0 0 0 0 0 0 0 0 0 0 0 0 0 0 0 0 0 0 0 0 0 0 0 0 0 0 0 0 0 0 0 0 0 0 0 0 0 0 0 0 0 0 0 0 0 0 0 0 0 0 0 0 0 0 0 0 0 0 0 0 0 0 0 0 0 0 0 0 0 0 0 0 0 0 0 0 0 0 0 0 0 0 0 0
4 0.1645 0.2325 1.3095 1.4661 0 0 0 0 0 0 0 0 0 0 0 0 0 0 0 0 0 0 0 0 0 0 0 0 0 0 0 0 0 0 0 0 0 0 0 0 0 0 0 0 0 0 0 0 0 0 0 0 0 0 0 0 0 0 0 0 0 0 0 0 0 0 0 0 0 0 0 0 0 0 0 0 0 0 0 0 0 0 0 0 0 0 0 0 0 0 0
48 0.1237 0.6224 0.647 0.6883 0.7287 0.7689 0.7951 0.8492 0.9127 0.931 0.9618 0.9818 1.0151 1.0347 1.0803 1.1027 1.1425 1.1572 1.1684 1.182 1.199 1.212 1.2346 1.2449 1.2718 1.2989 1.3227 1.3453 1.3932 1.539 1.5721 1.6011 1.6145 1.6317 1.6434 1.6595 1.6902 1.7049 1.7313 1.745 1.7614 1.7894 1.8006 1.8269 1.849 1.8646 1.9209 2.202 0 0 0 0 0 0 0 0 0 0 0 0 0 0 0 0 0 0 0 0 0 0 0 0 0 0 0 0 0 0 0 0 0 0 0 0 0 0 0 0 0 0 0
14 0.0014 0.2199 0.384 0.4953 0.6774 0.7127 0.7306 0.774 0.8816 1.0411 1.0961 1.1537 1.2307 2.2754 0 0 0 0 0 0 0 0 0 0 0 0 0 0 0 0 0 0 0 0 0 0 0 0 0 0 0 0 0 0 0 0 0 0 0 0 0 0 0 0 0 0 0 0 0 0 0 0 0 0 0 0 0 0 0 0 0 0 0 0 0 0 0 0 0 0 0 0 0 0 0 0 0 0 0 0 0
16 0.1799 0.2249 0.4393 0.577 0.6486 0.6663 0.7094 0.9196 0.9703 1.0857 1.1802 1.2398 1.3001 1.3707 1.5234 1.9275 0 0 0 0 0 0 0 0 0 0 0 0 0 0 0 0 0 0 0 0 0 0 0 0 0 0 0 0 0 0 0 0 0 0 0 0 0 0 0 0 0 0 0 0 0 0 0 0 0 0 0 0 0 0 0 0 0 0 0 0 0 0 0 0 0 0 0 0 0 0 0 0 0 0 0
11 0.0014 0.6215 0.7093 0.8163 1.1731 1.239 1.3385 1.366 1.4461 1.5667 2.1787 0 0 0 0 0 0 0 0 0 0 0 0 0 0 0 0 0 0 0 0 0 0 0 0 0 0 0 0 0 0 0 0 0 0 0 0 0 0 0 0 0 0 0 0 0 0 0 0 0 0 0 0 0 0 0 0 0 0 0 0 0 0 0 0 0 0 0 0 0 0 0 0 0 0 0 0 0 0 0 0
1 2.2695 0 0 0 0 0 0 0 0 0 0 0 0 0 0 0 0 0 0 0 0 0 0 0 0 0 0 0 0 0 0 0 0 0 0 0 0 0 0 0 0 0 0 0 0 0 0 0 0 0 0 0 0 0 0 0 0 0 0 0 0 0 0 0 0 0 0 0 0 0 0 0 0 0 0 0 0 0 0 0 0 0 0 0 0 0 0 0 0 0 0
12 0.0014 0.1646 0.5355 0.572 0.6346 0.7205 0.7772 0.8358 1.1501 1.3285 1.5989 1.9265 0 0 0 0 0 0 0 0 0 0 0 0 0 0 0 0 0 0 0 0 0 0 0 0 0 0 0 0 0 0 0 0 0 0 0 0 0 0 0 0 0 0 0 0 0 0 0 0 0 0 0 0 0 0 0 0 0 0 0 0 0 0 0 0 0 0 0 0 0 0 0 0 0 0 0 0 0 0 0
62 0.0416 0.0935 0.1123 0.23 0.2643 0.2741 0.3083 0.3218 0.327 0.4172 0.4682 0.5195 0.5343 0.5442 0.6185 0.6871 0.7083 0.8331 0.8801 0.8976 0.9703 1.0166 1.0418 1.063 1.0946 1.1262 1.1439 1.1688 1.2183 1.2421 1.2693 1.3507 1.4162 1.4891 1.5104 1.5425 1.5692 1.5808 1.5877 1.6114 1.6159 1.635 1.6517 1.6654 1.671 1.6884 1.7041 1.7078 1.7304 1.749 1.7618 1.7762 1.802 1.817 1.8289 1.8486 1.9117 1.9231 1.9925 2.1227 2.1482 2.2002 0 0 0 0 0 0 0 0 0 0 0 0 0 0 0 0 0 0 0 0 0 0 0 0 0 0 0 0 0
49 0.3293 0.6955 0.7486 0.7755 0.7871 0.8522 0.9036 0.9775 0.9961 1.0108 1.0523 1.0642 1.0782 1.1057 1.122 1.1526 1.1809 1.2013 1.2115 1.2454 1.2572 1.2699 1.2961 1.3149 1.3388 1.355 1.3896 1.4992 1.5414 1.5632 1.5892 1.6007 1.6135 1.64 1.6523 1.6791 1.687 1.7056 1.7164 1.7299 1.7342 1.7782 1.7835 1.8159 1.9186 2.008 2.0642 2.1758 2.2296 0 0 0 0 0 0 0 0 0 0 0 0 0 0 0 0 0 0 0 0 0 0 0 0 0 0 0 0 0 0 0 0 0 0 0 0 0 0 0 0 0 0
8 0.0339 0.6646 0.7352 1.1884 1.2437 1.2975 1.5922 1.6738 0 0 0 0 0 0 0 0 0 0 0 0 0 0 0 0 0 0 0 0 0 0 0 0 0 0 0 0 0 0 0 0 0 0 0 0 0 0 0 0 0 0 0 0 0 0 0 0 0 0 0 0 0 0 0 0 0 0 0 0 0 0 0 0 0 0 0 0 0 0 0 0 0 0 0 0 0 0 0 0 0 0 0
2 0.5465 1.2438 0 0 0 0 0 0 0 0 0 0 0 0 0 0 0 0 0 0 0 0 0 0 0 0 0 0 0 0 0 0 0 0 0 0 0 0 0 0 0 0 0 0 0 0 0 0 0 0 0 0 0 0 0 0 0 0 0 0 0 0 0 0 0 0 0 0 0 0 0 0 0 0 0 0 0 0 0 0 0 0 0 0 0 0 0 0 0 0 0
25 0.0354 0.1075 0.143 0.1693 0.2322 0.3071 0.3235 0.384 0.3935 0.4658 0.5222 0.5781 0.6321 0.658 0.6703 0.7197 0.7977 1.0006 1.0363 1.0687 1.3316 1.5178 1.7211 1.8318 1.8798 0 0 0 0 0 0 0 0 0 0 0 0 0 0 0 0 0 0 0 0 0 0 0 0 0 0 0 0 0 0 0 0 0 0 0 0 0 0 0 0 0 0 0 0 0 0 0 0 0 0 0 0 0 0 0 0 0 0 0 0 0 0 0 0 0 0
61 0.0841 0.5621 0.661 0.704 0.743 0.775 0.7799 0.8324 0.8585 0.8642 0.8919 0.916 0.9438 0.9637 0.9807 0.9995 1.0161 1.0208 1.0566 1.0795 1.0906 1.124 1.1423 1.162 1.1863 1.1939 1.2155 1.2324 1.2398 1.2502 1.2729 1.3025 1.3349 1.3704 1.3825 1.418 1.4311 1.4476 1.4748 1.4786 1.5001 1.5208 1.5302 1.5569 1.5598 1.5793 1.5887 1.6029 1.6127 1.639 1.6523 1.6665 1.6826 1.689 1.7116 1.7337 1.744 1.7566 1.778 1.7975 1.8244 0 0 0 0 0 0 0 0 0 0 0 0 0 0 0 0 0 0 0 0 0 0 0 0 0 0 0 0 0 0
68 0.1821 0.2983 0.3899 0.5649 0.6089 0.6314 0.6585 0.6727 0.6872 0.7105 0.7327 0.7532 0.7791 0.8069 0.8287 0.8385 0.8703 0.8869 0.8967 0.9376 0.9457 0.9542 0.9891 0.9936 1.0285 1.0396 1.0757 1.0855 1.0947 1.108 1.1135 1.1384 1.1486 1.1596 1.1903 1.2011 1.2221 1.247 1.2604 1.2993 1.3124 1.3576 1.3672 1.4005 1.4146 1.4616 1.4709 1.4924 1.5055 1.524 1.5331 1.5366 1.5615 1.5782 1.5831 1.6009 1.6151 1.6243 1.6452 1.6553 1.6661 1.6805 1.6978 1.7242 1.751 1.7735 1.8012 1.8346 0 0 0 0 0 0 0 0 0 0 0 0 0 0 0 0 0 0 0 0 0 0 0
8 0.465 0.6236 0.6649 0.6812 0.7941 1.5523 1.6445 2.1967 0 0 0 0 0 0 0 0 0 0 0 0 0 0 0 0 0 0 0 0 0 0 0 0 0 0 0 0 0 0 0 0 0 0 0 0 0 0 0 0 0 0 0 0 0 0 0 0 0 0 0 0 0 0 0 0 0 0 0 0 0 0 0 0 0 0 0 0 0 0 0 0 0 0 0 0 0 0 0 0 0 0 0
7 0.0014 0.3405 0.6732 0.7504 1.3894 1.3968 2.1099 0 0 0 0 0 0 0 0 0 0 0 0 0 0 0 0 0 0 0 0 0 0 0 0 0 0 0 0 0 0 0 0 0 0 0 0 0 0 0 0 0 0 0 0 0 0 0 0 0 0 0 0 0 0 0 0 0 0 0 0 0 0 0 0 0 0 0 0 0 0 0 0 0 0 0 0 0 0 0 0 0 0 0 0
3 0.72 0.9039 1.1068 0 0 0 0 0 0 0 0 0 0 0 0 0 0 0 0 0 0 0 0 0 0 0 0 0 0 0 0 0 0 0 0 0 0 0 0 0 0 0 0 0 0 0 0 0 0 0 0 0 0 0 0 0 0 0 0 0 0 0 0 0 0 0 0 0 0 0 0 0 0 0 0 0 0 0 0 0 0 0 0 0 0 0 0 0 0 0 0
9 0.0245 0.0802 0.7371 1.2948 1.3358 1.376 2.0901 2.1845 2.2313 0 0 0 0 0 0 0 0 0 0 0 0 0 0 0 0 0 0 0 0 0 0 0 0 0 0 0 0 0 0 0 0 0 0 0 0 0 0 0 0 0 0 0 0 0 0 0 0 0 0 0 0 0 0 0 0 0 0 0 0 0 0 0 0 0 0 0 0 0 0 0 0 0 0 0 0 0 0 0 0 0 0
60 0.0014 0.2404 0.6759 0.6988 0.7265 0.7415 0.7745 0.7833 0.8181 0.8349 0.8623 0.8861 0.8963 0.9107 0.9148 0.9395 0.9529 0.9588 0.9947 1.007 1.022 1.0515 1.0681 1.083 1.1019 1.1176 1.1317 1.1443 1.1515 1.1819 1.2069 1.2298 1.2506 1.2615 1.2997 1.3584 1.4147 1.4482 1.4624 1.4888 1.4978 1.5111 1.5382 1.5515 1.5645 1.5812 1.5871 1.5998 1.6028 1.6163 1.6433 1.653 1.6696 1.6879 1.7065 1.7135 1.731 1.7509 1.763 1.8422 0 0 0 0 0 0 0 0 0 0 0 0 0 0 0 0 0 0 0 0 0 0 0 0 0 0 0 0 0 0 0
5 0.0645 1.2523 1.2797 1.2983 1.9016 0 0 0 0 0 0 0 0 0 0 0 0 0 0 0 0 0 0 0 0 0 0 0 0 0 0 0 0 0 0 0 0 0 0 0 0 0 0 0 0 0 0 0 0 0 0 0 0 0 0 0 0 0 0 0 0 0 0 0 0 0 0 0 0 0 0 0 0 0 0 0 0 0 0 0 0 0 0 0 0 0 0 0 0 0 0
5 0.7614 1.3154 1.4267 1.5474 1.6159 0 0 0 0 0 0 0 0 0 0 0 0 0 0 0 0 0 0 0 0 0 0 0 0 0 0 0 0 0 0 0 0 0 0 0 0 0 0 0 0 0 0 0 0 0 0 0 0 0 0 0 0 0 0 0 0 0 0 0 0 0 0 0 0 0 0 0 0 0 0 0 0 0 0 0 0 0 0 0 0 0 0 0 0 0 0
54 0.0014 0.4729 0.5456 0.602 0.6309 0.6796 0.6908 0.7413 0.7572 0.7876 0.814 0.8487 0.8767 0.8939 0.9019 0.9507 0.9704 1.0182 1.0414 1.0623 1.095 1.1093 1.1428 1.1642 1.1903 1.1941 1.2208 1.2324 1.2443 1.2919 1.3938 1.4492 1.4648 1.5048 1.5463 1.5744 1.5927 1.6055 1.6314 1.669 1.6791 1.6979 1.7076 1.7205 1.7447 1.7582 1.7678 1.7787 1.7895 1.8109 1.8325 1.8563 1.8698 2.1872 0 0 0 0 0 0 0 0 0 0 0 0 0 0 0 0 0 0 0 0 0 0 0 0 0 0 0 0 0 0 0 0 0 0 0 0 0
16 0.2044 0.239 0.3958 0.4876 0.6512 0.7885 1.0602 1.1499 1.2927 1.371 1.5836 1.6579 1.8453 1.8983 1.9219 2.0434 0 0 0 0 0 0 0 0 0 0 0 0 0 0 0 0 0 0 0 0 0 0 0 0 0 0 0 0 0 0 0 0 0 0 0 0 0 0 0 0 0 0 0 0 0 0 0 0 0 0 0 0 0 0 0 0 0 0 0 0 0 0 0 0 0 0 0 0 0 0 0 0 0 0 0
9 0.5668 0.6131 0.7172 0.7329 0.7993 1.4397 1.7971 1.8612 1.9826 0 0 0 0 0 0 0 0 0 0 0 0 0 0 0 0 0 0 0 0 0 0 0 0 0 0 0 0 0 0 0 0 0 0 0 0 0 0 0 0 0 0 0 0 0 0 0 0 0 0 0 0 0 0 0 0 0 0 0 0 0 0 0 0 0 0 0 0 0 0 0 0 0 0 0 0 0 0 0 0 0 0
27 0.1217 0.218 0.323 0.4695 0.5381 0.5729 0.6114 0.6305 0.6594 0.7152 0.7725 0.8505 0.994 1.1203 1.2229 1.2828 1.3507 1.4545 1.4978 1.521 1.602 1.6481 1.7081 1.7339 1.754 1.84 1.9132 0 0 0 0 0 0 0 0 0 0 0 0 0 0 0 0 0 0 0 0 0 0 0 0 0 0 0 0 0 0 0 0 0 0 0 0 0 0 0 0 0 0 0 0 0 0 0 0 0 0 0 0 0 0 0 0 0 0 0 0 0 0 0 0
37 0.5896 0.6933 0.7493 0.7868 0.8749 0.9552 1.0436 1.0995 1.1165 1.1605 1.2094 1.2296 1.2599 1.2852 1.3031 1.344 1.3584 1.398 1.4631 1.4992 1.5236 1.5535 1.5609 1.5874 1.6041 1.6281 1.6561 1.6677 1.7004 1.7221 1.7492 1.7733 1.7882 1.8168 1.8406 1.992 2.2693 0 0 0 0 0 0 0 0 0 0 0 0 0 0 0 0 0 0 0 0 0 0 0 0 0 0 0 0 0 0 0 0 0 0 0 0 0 0 0 0 0 0 0 0 0 0 0 0 0 0 0 0 0 0
10 0.1835 0.3118 0.6693 0.7088 1.3314 1.6304 1.6843 1.7204 1.7487 1.8039 0 0 0 0 0 0 0 0 0 0 0 0 0 0 0 0 0 0 0 0 0 0 0 0 0 0 0 0 0 0 0 0 0 0 0 0 0 0 0 0 0 0 0 0 0 0 0 0 0 0 0 0 0 0 0 0 0 0 0 0 0 0 0 0 0 0 0 0 0 0 0 0 0 0 0 0 0 0 0 0 0
49 0.0121 0.6908 0.7219 0.7483 0.7977 0.8415 0.898 0.9356 0.9724 1.0011 1.0132 1.0585 1.0682 1.0872 1.0956 1.1412 1.1466 1.1783 1.2005 1.2295 1.236 1.2739 1.2858 1.2918 1.3146 1.3247 1.4152 1.4834 1.5203 1.5359 1.5458 1.5738 1.5862 1.5941 1.611 1.6288 1.6444 1.6505 1.6714 1.6831 1.7082 1.7099 1.7232 1.7434 1.7655 1.7934 1.8098 1.9885 2.2331 0 0 0 0 0 0 0 0 0 0 0 0 0 0 0 0 0 0 0 0 0 0 0 0 0 0 0 0 0 0 0 0 0 0 0 0 0 0 0 0 0 0
7 0.8194 1.0329 1.1646 1.6098 1.6387 1.688 1.723 0 0 0 0 0 0 0 0 0 0 0 0 0 0 0 0 0 0 0 0 0 0 0 0 0 0 0 0 0 0 0 0 0 0 0 0 0 0 0 0 0 0 0 0 0 0 0 0 0 0 0 0 0 0 0 0 0 0 0 0 0 0 0 0 0 0 0 0 0 0 0 0 0 0 0 0 0 0 0 0 0 0 0 0
40 0.7323 0.8605 0.9143 0.9356 0.9548 0.987 0.999 1.0636 1.0792 1.0987 1.1336 1.1631 1.1946 1.2262 1.2524 1.2774 1.2933 1.3148 1.3359 1.3961 1.4973 1.5203 1.5568 1.5731 1.6113 1.6256 1.639 1.647 1.6618 1.6711 1.6843 1.7068 1.7152 1.7338 1.7492 1.7651 1.7934 1.8222 1.8645 2.0627 0 0 0 0 0 0 0 0 0 0 0 0 0 0 0 0 0 0 0 0 0 0 0 0 0 0 0 0 0 0 0 0 0 0 0 0 0 0 0 0 0 0 0 0 0 0 0 0 0 0 0
9 0.6972 0.7748 0.9008 1.4195 1.6107 1.6648 1.6916 1.7528 1.8017 0 0 0 0 0 0 0 0 0 0 0 0 0 0 0 0 0 0 0 0 0 0 0 0 0 0 0 0 0 0 0 0 0 0 0 0 0 0 0 0 0 0 0 0 0 0 0 0 0 0 0 0 0 0 0 0 0 0 0 0 0 0 0 0 0 0 0 0 0 0 0 0 0 0 0 0 0 0 0 0 0 0
6 0.639 0.7479 1.3592 1.3944 1.4089 1.5958 0 0 0 0 0 0 0 0 0 0 0 0 0 0 0 0 0 0 0 0 0 0 0 0 0 0 0 0 0 0 0 0 0 0 0 0 0 0 0 0 0 0 0 0 0 0 0 0 0 0 0 0 0 0 0 0 0 0 0 0 0 0 0 0 0 0 0 0 0 0 0 0 0 0 0 0 0 0 0 0 0 0 0 0 0
58 0.659 0.6981 0.7515 0.8376 0.8724 0.9195 1.0183 1.0893 1.1076 1.1616 1.1773 1.1981 1.2199 1.2354 1.2496 1.2709 1.2776 1.2944 1.3001 1.3201 1.3345 1.3401 1.3696 1.3832 1.3951 1.4057 1.4272 1.4354 1.4588 1.481 1.4988 1.5178 1.5283 1.5418 1.5569 1.5863 1.6067 1.6137 1.6353 1.6526 1.6663 1.695 1.7102 1.7274 1.7438 1.7563 1.7757 1.792 1.8082 1.8246 1.8472 1.8501 1.8799 1.9122 1.9418 2.0642 2.1298 2.2061 0 0 0 0 0 0 0 0 0 0 0 0 0 0 0 0 0 0 0 0 0 0 0 0 0 0 0 0 0 0 0 0 0
2 1.3861 1.7393 0 0 0 0 0 0 0 0 0 0 0 0 0 0 0 0 0 0 0 0 0 0 0 0 0 0 0 0 0 0 0 0 0 0 0 0 0 0 0 0 0 0 0 0 0 0 0 0 0 0 0 0 0 0 0 0 0 0 0 0 0 0 0 0 0 0 0 0 0 0 0 0 0 0 0 0 0 0 0 0 0 0 0 0 0 0 0 0 0
8 0.0626 0.6383 0.6974 0.7327 1.0857 1.4636 1.6168 1.7328 0 0 0 0 0 0 0 0 0 0 0 0 0 0 0 0 0 0 0 0 0 0 0 0 0 0 0 0 0 0 0 0 0 0 0 0 0 0 0 0 0 0 0 0 0 0 0 0 0 0 0 0 0 0 0 0 0 0 0 0 0 0 0 0 0 0 0 0 0 0 0 0 0 0 0 0 0 0 0 0 0 0 0
64 0.0014 0.6589 0.6805 0.6969 0.7166 0.7469 0.7643 0.7886 0.832 0.8671 0.8728 0.913 0.9342 0.9396 0.9573 0.9836 0.9968 1.0119 1.042 1.0464 1.0759 1.0862 1.0969 1.1244 1.1359 1.1546 1.1751 1.1788 1.2109 1.221 1.2527 1.2733 1.3006 1.3305 1.341 1.371 1.3781 1.4054 1.4432 1.4522 1.4798 1.4919 1.4974 1.5183 1.5248 1.548 1.5536 1.5649 1.5857 1.6008 1.6129 1.6219 1.646 1.6528 1.6731 1.681 1.6974 1.7198 1.7538 1.7735 1.784 1.7879 1.8358 1.8818 0 0 0 0 0 0 0 0 0 0 0 0 0 0 0 0 0 0 0 0 0 0 0 0 0 0 0
6 0.0014 0.7825 0.891 1.0841 2.2062 2.2744 0 0 0 0 0 0 0 0 0 0 0 0 0 0 0 0 0 0 0 0 0 0 0 0 0 0 0 0 0 0 0 0 0 0 0 0 0 0 0 0 0 0 0 0 0 0 0 0 0 0 0 0 0 0 0 0 0 0 0 0 0 0 0 0 0 0 0 0 0 0 0 0 0 0 0 0 0 0 0 0 0 0 0 0 0
22 0.0015 0.6569 0.7734 0.8886 0.9469 1.0211 1.0757 1.1079 1.1423 1.1936 1.2256 1.2635 1.2686 1.3132 1.3438 1.3837 1.4412 1.505 1.615 1.6276 1.7202 1.9265 0 0 0 0 0 0 0 0 0 0 0 0 0 0 0 0 0 0 0 0 0 0 0 0 0 0 0 0 0 0 0 0 0 0 0 0 0 0 0 0 0 0 0 0 0 0 0 0 0 0 0 0 0 0 0 0 0 0 0 0 0 0 0 0 0 0 0 0 0
19 0.0107 0.114 0.1903 0.2671 0.2951 0.6583 0.7145 0.8022 1.4972 1.5365 1.5598 1.5708 1.6018 1.6269 1.6568 1.6889 1.749 1.7793 1.8557 0 0 0 0 0 0 0 0 0 0 0 0 0 0 0 0 0 0 0 0 0 0 0 0 0 0 0 0 0 0 0 0 0 0 0 0 0 0 0 0 0 0 0 0 0 0 0 0 0 0 0 0 0 0 0 0 0 0 0 0 0 0 0 0 0 0 0 0 0 0 0 0
4 0.2231 0.7985 1.4805 1.5138 0 0 0 0 0 0 0 0 0 0 0 0 0 0 0 0 0 0 0 0 0 0 0 0 0 0 0 0 0 0 0 0 0 0 0 0 0 0 0 0 0 0 0 0 0 0 0 0 0 0 0 0 0 0 0 0 0 0 0 0 0 0 0 0 0 0 0 0 0 0 0 0 0 0 0 0 0 0 0 0 0 0 0 0 0 0 0
34 0.682 0.7639 0.8834 0.9903 1.0858 1.0913 1.1512 1.1708 1.1918 1.1989 1.2339 1.2537 1.2581 1.2953 1.3095 1.3386 1.3902 1.4458 1.5332 1.563 1.5831 1.6102 1.6327 1.647 1.6675 1.6811 1.6997 1.7074 1.7258 1.7371 1.7642 1.7974 1.835 2.1925 0 0 0 0 0 0 0 0 0 0 0 0 0 0 0 0 0 0 0 0 0 0 0 0 0 0 0 0 0 0 0 0 0 0 0 0 0 0 0 0 0 0 0 0 0 0 0 0 0 0 0 0 0 0 0 0 0
7 0.0014 0.6732 1.0971 1.1695 1.3821 1.6329 1.7583 0 0 0 0 0 0 0 0 0 0 0 0 0 0 0 0 0 0 0 0 0 0 0 0 0 0 0 0 0 0 0 0 0 0 0 0 0 0 0 0 0 0 0 0 0 0 0 0 0 0 0 0 0 0 0 0 0 0 0 0 0 0 0 0 0 0 0 0 0 0 0 0 0 0 0 0 0 0 0 0 0 0 0 0
44 0.3251 0.6972 0.7211 0.7678 0.8448 0.9037 0.956 0.9997 1.0118 1.0639 1.109 1.115 1.1429 1.1489 1.1675 1.1772 1.2029 1.2227 1.2381 1.2578 1.2669 1.301 1.3239 1.3683 1.4631 1.5465 1.5834 1.5946 1.6034 1.6251 1.647 1.6695 1.6756 1.7083 1.7441 1.7577 1.7638 1.7809 1.8027 1.8212 1.8391 1.8559 1.8602 1.9094 0 0 0 0 0 0 0 0 0 0 0 0 0 0 0 0 0 0 0 0 0 0 0 0 0 0 0 0 0 0 0 0 0 0 0 0 0 0 0 0 0 0 0 0 0 0 0
12 0.0014 0.2896 0.379 0.4596 0.4999 0.6133 0.6656 0.8025 1.5173 1.5519 2.2692 2.3473 0 0 0 0 0 0 0 0 0 0 0 0 0 0 0 0 0 0 0 0 0 0 0 0 0 0 0 0 0 0 0 0 0 0 0 0 0 0 0 0 0 0 0 0 0 0 0 0 0 0 0 0 0 0 0 0 0 0 0 0 0 0 0 0 0 0 0 0 0 0 0 0 0 0 0 0 0 0 0
10 0.3092 0.6115 0.699 0.7608 0.8714 1.456 1.6168 1.7049 1.7654 2.0782 0 0 0 0 0 0 0 0 0 0 0 0 0 0 0 0 0 0 0 0 0 0 0 0 0 0 0 0 0 0 0 0 0 0 0 0 0 0 0 0 0 0 0 0 0 0 0 0 0 0 0 0 0 0 0 0 0 0 0 0 0 0 0 0 0 0 0 0 0 0 0 0 0 0 0 0 0 0 0 0 0
47 0.0014 0.0544 0.571 0.7047 0.7462 0.8113 0.8991 0.9441 1.0393 1.0497 1.1084 1.1223 1.1327 1.1577 1.1742 1.1974 1.2041 1.218 1.2496 1.2531 1.3186 1.3768 1.3943 1.41 1.4236 1.4403 1.4461 1.4822 1.4985 1.5181 1.5346 1.575 1.6028 1.6457 1.6861 1.7233 1.7578 1.7877 1.8064 1.8231 1.8696 1.9047 1.9179 1.9713 2.0291 2.1843 2.2884 0 0 0 0 0 0 0 0 0 0 0 0 0 0 0 0 0 0 0 0 0 0 0 0 0 0 0 0 0 0 0 0 0 0 0 0 0 0 0 0 0 0 0 0
3 0.6946 1.6379 1.7445 0 0 0 0 0 0 0 0 0 0 0 0 0 0 0 0 0 0 0 0 0 0 0 0 0 0 0 0 0 0 0 0 0 0 0 0 0 0 0 0 0 0 0 0 0 0 0 0 0 0 0 0 0 0 0 0 0 0 0 0 0 0 0 0 0 0 0 0 0 0 0 0 0 0 0 0 0 0 0 0 0 0 0 0 0 0 0 0
33 0.0014 0.0767 0.6035 0.6967 1.0593 1.1192 1.1486 1.1766 1.1965 1.2158 1.2418 1.2555 1.2824 1.2939 1.3211 1.3432 1.5094 1.5622 1.5998 1.6098 1.6329 1.6585 1.6697 1.7009 1.7312 1.7516 1.7672 1.7852 1.8053 1.8172 1.8304 1.8663 1.946 0 0 0 0 0 0 0 0 0 0 0 0 0 0 0 0 0 0 0 0 0 0 0 0 0 0 0 0 0 0 0 0 0 0 0 0 0 0 0 0 0 0 0 0 0 0 0 0 0 0 0 0 0 0 0 0 0 0
8 0.5895 0.7397 1.2717 1.3535 1.4638 1.727 1.7858 1.8774 0 0 0 0 0 0 0 0 0 0 0 0 0 0 0 0 0 0 0 0 0 0 0 0 0 0 0 0 0 0 0 0 0 0 0 0 0 0 0 0 0 0 0 0 0 0 0 0 0 0 0 0 0 0 0 0 0 0 0 0 0 0 0 0 0 0 0 0 0 0 0 0 0 0 0 0 0 0 0 0 0 0 0
9 0.0055 0.6897 0.7524 0.8631 0.9252 1.1124 1.3702 1.7198 1.9128 0 0 0 0 0 0 0 0 0 0 0 0 0 0 0 0 0 0 0 0 0 0 0 0 0 0 0 0 0 0 0 0 0 0 0 0 0 0 0 0 0 0 0 0 0 0 0 0 0 0 0 0 0 0 0 0 0 0 0 0 0 0 0 0 0 0 0 0 0 0 0 0 0 0 0 0 0 0 0 0 0 0
6 1.5213 1.7677 1.8503 1.978 2.0475 2.3613 0 0 0 0 0 0 0 0 0 0 0 0 0 0 0 0 0 0 0 0 0 0 0 0 0 0 0 0 0 0 0 0 0 0 0 0 0 0 0 0 0 0 0 0 0 0 0 0 0 0 0 0 0 0 0 0 0 0 0 0 0 0 0 0 0 0 0 0 0 0 0 0 0 0 0 0 0 0 0 0 0 0 0 0 0
5 0.9742 1.105 1.5601 1.8693 2.3375 0 0 0 0 0 0 0 0 0 0 0 0 0 0 0 0 0 0 0 0 0 0 0 0 0 0 0 0 0 0 0 0 0 0 0 0 0 0 0 0 0 0 0 0 0 0 0 0 0 0 0 0 0 0 0 0 0 0 0 0 0 0 0 0 0 0 0 0 0 0 0 0 0 0 0 0 0 0 0 0 0 0 0 0 0 0
4 0.0014 0.7423 0.8401 2.2202 0 0 0 0 0 0 0 0 0 0 0 0 0 0 0 0 0 0 0 0 0 0 0 0 0 0 0 0 0 0 0 0 0 0 0 0 0 0 0 0 0 0 0 0 0 0 0 0 0 0 0 0 0 0 0 0 0 0 0 0 0 0 0 0 0 0 0 0 0 0 0 0 0 0 0 0 0 0 0 0 0 0 0 0 0 0 0
21 0.0024 0.0453 0.1332 0.1436 0.2758 0.3461 0.4205 0.4478 0.4709 0.5246 0.6369 0.8323 0.8426 0.8932 0.934 1.0853 1.2722 1.4352 1.4941 1.543 1.6033 0 0 0 0 0 0 0 0 0 0 0 0 0 0 0 0 0 0 0 0 0 0 0 0 0 0 0 0 0 0 0 0 0 0 0 0 0 0 0 0 0 0 0 0 0 0 0 0 0 0 0 0 0 0 0 0 0 0 0 0 0 0 0 0 0 0 0 0 0 0
27 0.0558 0.0901 0.1728 0.2109 0.2737 0.3199 0.5056 0.6552 0.7099 0.7192 0.784 0.8463 0.9053 0.9788 1.019 1.0704 1.1466 1.1964 1.2492 1.2944 1.4148 1.5209 1.6211 1.7098 1.7457 1.756 1.8164 0 0 0 0 0 0 0 0 0 0 0 0 0 0 0 0 0 0 0 0 0 0 0 0 0 0 0 0 0 0 0 0 0 0 0 0 0 0 0 0 0 0 0 0 0 0 0 0 0 0 0 0 0 0 0 0 0 0 0 0 0 0 0 0
39 0.4892 0.8153 1.1491 1.1893 1.2153 1.2481 1.2551 1.2991 1.3043 1.3123 1.3972 1.4927 1.5025 1.5575 1.5983 1.736 1.7921 1.8162 1.9322 1.9501 1.956 1.9892 2.0091 2.037 2.0563 2.0678 2.0742 2.0955 2.0998 2.1273 2.1369 2.1511 2.1563 2.1803 2.2144 2.2188 2.2424 2.2744 2.6069 0 0 0 0 0 0 0 0 0 0 0 0 0 0 0 0 0 0 0 0 0 0 0 0 0 0 0 0 0 0 0 0 0 0 0 0 0 0 0 0 0 0 0 0 0 0 0 0 0 0 0 0
4 0.244 0.5966 0.6933 1.5726 0 0 0 0 0 0 0 0 0 0 0 0 0 0 0 0 0 0 0 0 0 0 0 0 0 0 0 0 0 0 0 0 0 0 0 0 0 0 0 0 0 0 0 0 0 0 0 0 0 0 0 0 0 0 0 0 0 0 0 0 0 0 0 0 0 0 0 0 0 0 0 0 0 0 0 0 0 0 0 0 0 0 0 0 0 0 0
69 0.1191 0.2431 0.3891 0.5727 0.6576 0.698 0.7217 0.7468 0.7574 0.7858 0.8275 0.8617 0.8738 0.8976 0.9059 0.9406 0.9565 0.9789 0.9833 1.0108 1.0211 1.0289 1.0457 1.0649 1.0736 1.0918 1.1324 1.1411 1.1598 1.174 1.1798 1.2153 1.2248 1.241 1.2569 1.2826 1.2905 1.3089 1.3171 1.378 1.3891 1.4129 1.4279 1.4686 1.479 1.5071 1.5155 1.5249 1.5426 1.5608 1.5669 1.585 1.5944 1.5971 1.6253 1.6306 1.6483 1.6604 1.686 1.6999 1.7076 1.738 1.751 1.7728 1.7857 1.7956 1.8178 1.8784 1.9156 0 0 0 0 0 0 0 0 0 0 0 0 0 0 0 0 0 0 0 0 0 0
34 0.3471 0.6031 0.6582 0.6741 0.7706 0.8606 0.9697 1.0216 1.0637 1.1029 1.1319 1.1434 1.1763 1.1953 1.2313 1.3181 1.4164 1.4346 1.4609 1.4753 1.4994 1.5142 1.526 1.5601 1.5856 1.6041 1.6349 1.6638 1.6999 1.7135 1.7407 1.7718 1.8248 2.1217 0 0 0 0 0 0 0 0 0 0 0 0 0 0 0 0 0 0 0 0 0 0 0 0 0 0 0 0 0 0 0 0 0 0 0 0 0 0 0 0 0 0 0 0 0 0 0 0 0 0 0 0 0 0 0 0 0
52 0.0333 0.6524 0.6987 0.7485 0.7796 0.817 0.8572 0.8831 0.907 0.9421 0.9594 0.9817 1.0063 1.0164 1.0355 1.0468 1.0815 1.1081 1.1108 1.1518 1.1645 1.1964 1.2238 1.2911 1.3275 1.336 1.3652 1.3836 1.397 1.419 1.4447 1.4507 1.4661 1.5054 1.5101 1.529 1.5416 1.5561 1.5716 1.5782 1.6017 1.6125 1.6328 1.6483 1.6681 1.6922 1.6988 1.7112 1.7471 1.7516 1.7884 1.8307 0 0 0 0 0 0 0 0 0 0 0 0 0 0 0 0 0 0 0 0 0 0 0 0 0 0 0 0 0 0 0 0 0 0 0 0 0 0 0
39 0.6354 0.6744 0.6902 0.7368 0.792 0.9065 0.9867 1.0158 1.0181 1.066 1.0779 1.0869 1.1291 1.1451 1.1543 1.1869 1.2137 1.2437 1.3009 1.3686 1.3928 1.421 1.437 1.4569 1.4645 1.4945 1.5296 1.5431 1.5577 1.5786 1.5974 1.6252 1.6515 1.6582 1.6673 1.7108 1.749 1.7849 2.0513 0 0 0 0 0 0 0 0 0 0 0 0 0 0 0 0 0 0 0 0 0 0 0 0 0 0 0 0 0 0 0 0 0 0 0 0 0 0 0 0 0 0 0 0 0 0 0 0 0 0 0 0
43 0.4623 0.7095 0.7657 0.785 0.8181 0.8468 0.8611 0.8828 0.8927 0.9163 0.9814 1.0166 1.0504 1.0962 1.103 1.1572 1.1685 1.1796 1.2051 1.222 1.2496 1.2668 1.2978 1.3177 1.4267 1.4843 1.5484 1.5664 1.5767 1.6255 1.6355 1.682 1.6895 1.7431 1.7624 1.7967 1.8062 1.8413 1.8552 1.8642 1.8933 1.9227 1.9887 0 0 0 0 0 0 0 0 0 0 0 0 0 0 0 0 0 0 0 0 0 0 0 0 0 0 0 0 0 0 0 0 0 0 0 0 0 0 0 0 0 0 0 0 0 0 0 0
3 7e-04 0.7438 1.534 0 0 0 0 0 0 0 0 0 0 0 0 0 0 0 0 0 0 0 0 0 0 0 0 0 0 0 0 0 0 0 0 0 0 0 0 0 0 0 0 0 0 0 0 0 0 0 0 0 0 0 0 0 0 0 0 0 0 0 0 0 0 0 0 0 0 0 0 0 0 0 0 0 0 0 0 0 0 0 0 0 0 0 0 0 0 0 0
4 1.2462 1.2761 1.3217 1.6542 0 0 0 0 0 0 0 0 0 0 0 0 0 0 0 0 0 0 0 0 0 0 0 0 0 0 0 0 0 0 0 0 0 0 0 0 0 0 0 0 0 0 0 0 0 0 0 0 0 0 0 0 0 0 0 0 0 0 0 0 0 0 0 0 0 0 0 0 0 0 0 0 0 0 0 0 0 0 0 0 0 0 0 0 0 0 0
12 0.275 0.5073 0.5878 0.6569 0.7152 0.7269 0.7857 1.2443 1.5692 1.6475 2.1605 2.2291 0 0 0 0 0 0 0 0 0 0 0 0 0 0 0 0 0 0 0 0 0 0 0 0 0 0 0 0 0 0 0 0 0 0 0 0 0 0 0 0 0 0 0 0 0 0 0 0 0 0 0 0 0 0 0 0 0 0 0 0 0 0 0 0 0 0 0 0 0 0 0 0 0 0 0 0 0 0 0
7 0.0014 0.8151 0.8316 0.89 1.4977 1.6051 2.2877 0 0 0 0 0 0 0 0 0 0 0 0 0 0 0 0 0 0 0 0 0 0 0 0 0 0 0 0 0 0 0 0 0 0 0 0 0 0 0 0 0 0 0 0 0 0 0 0 0 0 0 0 0 0 0 0 0 0 0 0 0 0 0 0 0 0 0 0 0 0 0 0 0 0 0 0 0 0 0 0 0 0 0 0
12 0.5184 1.0452 1.1025 1.1708 1.2257 1.2852 1.3186 1.4361 1.4994 1.5922 2.1445 2.2714 0 0 0 0 0 0 0 0 0 0 0 0 0 0 0 0 0 0 0 0 0 0 0 0 0 0 0 0 0 0 0 0 0 0 0 0 0 0 0 0 0 0 0 0 0 0 0 0 0 0 0 0 0 0 0 0 0 0 0 0 0 0 0 0 0 0 0 0 0 0 0 0 0 0 0 0 0 0 0
12 0.5194 0.7055 0.9987 1.1559 1.1889 1.3204 1.3792 1.5138 1.5792 1.6199 1.6922 2.0079 0 0 0 0 0 0 0 0 0 0 0 0 0 0 0 0 0 0 0 0 0 0 0 0 0 0 0 0 0 0 0 0 0 0 0 0 0 0 0 0 0 0 0 0 0 0 0 0 0 0 0 0 0 0 0 0 0 0 0 0 0 0 0 0 0 0 0 0 0 0 0 0 0 0 0 0 0 0 0
71 0.0014 0.3423 0.5146 0.5651 0.576 0.6281 0.6523 0.687 0.7145 0.7417 0.7611 0.7675 0.7795 0.8016 0.8112 0.838 0.8596 0.8694 0.9123 0.9236 0.9515 0.9671 0.9793 0.9838 0.9883 1.0324 1.0393 1.0522 1.0859 1.0905 1.0932 1.1174 1.1289 1.1493 1.154 1.1801 1.1889 1.1951 1.2134 1.2293 1.2511 1.2576 1.2882 1.3018 1.3212 1.3451 1.3661 1.3986 1.4306 1.4712 1.4899 1.495 1.5082 1.5303 1.5531 1.5702 1.5845 1.5947 1.616 1.625 1.6483 1.6525 1.68 1.6985 1.7041 1.7131 1.7448 1.7707 1.8026 1.8095 1.8574 0 0 0 0 0 0 0 0 0 0 0 0 0 0 0 0 0 0 0 0
4 0.7107 0.7466 0.9065 0.9974 0 0 0 0 0 0 0 0 0 0 0 0 0 0 0 0 0 0 0 0 0 0 0 0 0 0 0 0 0 0 0 0 0 0 0 0 0 0 0 0 0 0 0 0 0 0 0 0 0 0 0 0 0 0 0 0 0 0 0 0 0 0 0 0 0 0 0 0 0 0 0 0 0 0 0 0 0 0 0 0 0 0 0 0 0 0 0
62 0.0014 0.6692 0.6889 0.7279 0.7377 0.7721 0.7932 0.8076 0.8505 0.8616 0.8766 0.9038 0.9143 0.935 0.9412 0.9775 0.9822 1.0097 1.0299 1.0357 1.0645 1.0724 1.0749 1.1183 1.1245 1.1316 1.1401 1.1688 1.1876 1.1968 1.2241 1.2517 1.2651 1.2908 1.3056 1.3368 1.3471 1.3925 1.4038 1.42 1.4268 1.4477 1.4591 1.4748 1.4871 1.4993 1.5243 1.5273 1.5463 1.5709 1.5834 1.595 1.6219 1.6497 1.6592 1.6641 1.679 1.6971 1.7172 1.727 1.7545 1.8219 0 0 0 0 0 0 0 0 0 0 0 0 0 0 0 0 0 0 0 0 0 0 0 0 0 0 0 0 0
13 0.0014 0.4588 0.5977 0.6331 0.6414 0.6626 0.7802 1.4037 1.4657 1.5801 1.617 1.7172 1.7818 0 0 0 0 0 0 0 0 0 0 0 0 0 0 0 0 0 0 0 0 0 0 0 0 0 0 0 0 0 0 0 0 0 0 0 0 0 0 0 0 0 0 0 0 0 0 0 0 0 0 0 0 0 0 0 0 0 0 0 0 0 0 0 0 0 0 0 0 0 0 0 0 0 0 0 0 0 0
61 0.0014 0.0545 0.2488 0.6045 0.7101 0.731 0.7779 0.8382 0.8478 0.8577 0.9022 0.9098 0.9508 0.9713 1.002 1.0159 1.0347 1.0421 1.0747 1.0804 1.1061 1.1141 1.1396 1.1492 1.1519 1.189 1.218 1.226 1.23 1.2517 1.2808 1.2882 1.3037 1.3201 1.3451 1.371 1.3754 1.4021 1.4252 1.4494 1.4775 1.4841 1.4957 1.5074 1.5352 1.5498 1.5697 1.5897 1.5939 1.6144 1.6274 1.647 1.6646 1.6738 1.6886 1.7131 1.7354 1.7404 1.7656 1.7829 1.8288 0 0 0 0 0 0 0 0 0 0 0 0 0 0 0 0 0 0 0 0 0 0 0 0 0 0 0 0 0 0
6 0.7813 1.0096 1.154 1.3709 1.5186 1.8106 0 0 0 0 0 0 0 0 0 0 0 0 0 0 0 0 0 0 0 0 0 0 0 0 0 0 0 0 0 0 0 0 0 0 0 0 0 0 0 0 0 0 0 0 0 0 0 0 0 0 0 0 0 0 0 0 0 0 0 0 0 0 0 0 0 0 0 0 0 0 0 0 0 0 0 0 0 0 0 0 0 0 0 0 0
45 0.0014 0.137 0.4397 0.639 0.6705 0.7139 0.7297 0.7939 0.8465 0.9068 0.9598 0.9927 1.0171 1.0413 1.0795 1.1124 1.1237 1.1485 1.177 1.2057 1.2352 1.2435 1.2667 1.2854 1.3838 1.4681 1.503 1.5339 1.5489 1.5864 1.5999 1.6115 1.6385 1.6465 1.6553 1.6784 1.6824 1.7069 1.7264 1.7505 1.7784 1.7881 1.8004 1.8808 1.9909 0 0 0 0 0 0 0 0 0 0 0 0 0 0 0 0 0 0 0 0 0 0 0 0 0 0 0 0 0 0 0 0 0 0 0 0 0 0 0 0 0 0 0 0 0 0
5 0.1157 0.5422 0.7508 1.3804 1.6132 0 0 0 0 0 0 0 0 0 0 0 0 0 0 0 0 0 0 0 0 0 0 0 0 0 0 0 0 0 0 0 0 0 0 0 0 0 0 0 0 0 0 0 0 0 0 0 0 0 0 0 0 0 0 0 0 0 0 0 0 0 0 0 0 0 0 0 0 0 0 0 0 0 0 0 0 0 0 0 0 0 0 0 0 0 0
56 0.2911 0.3339 0.4477 0.5997 0.6162 0.6532 0.6935 0.7464 0.7901 0.7996 0.8482 0.8847 0.9172 0.9275 0.9671 0.9882 1.0173 1.0326 1.0489 1.0629 1.0893 1.1039 1.1131 1.1381 1.1467 1.1669 1.1949 1.2101 1.2381 1.2869 1.3575 1.424 1.4436 1.466 1.4961 1.5056 1.5327 1.5451 1.5602 1.5752 1.5895 1.5925 1.6144 1.6356 1.6465 1.6594 1.6961 1.7223 1.7276 1.7465 1.7713 1.789 1.7997 1.8198 1.8524 1.9008 0 0 0 0 0 0 0 0 0 0 0 0 0 0 0 0 0 0 0 0 0 0 0 0 0 0 0 0 0 0 0 0 0 0 0
55 0.3068 0.3739 0.4087 0.4246 0.6303 0.6609 0.7124 0.7837 0.8431 0.8994 0.9389 0.9519 0.9833 0.9971 1.0261 1.0389 1.0661 1.09 1.0996 1.1496 1.1774 1.2329 1.2673 1.2792 1.304 1.3106 1.3411 1.3527 1.3638 1.3864 1.3967 1.419 1.4474 1.4915 1.5103 1.5791 1.6392 1.6664 1.6991 1.7162 1.7304 1.7654 1.7699 1.7997 1.8141 1.8471 1.8593 1.866 1.8945 1.9256 1.9356 1.9742 1.991 2.0348 2.0555 0 0 0 0 0 0 0 0 0 0 0 0 0 0 0 0 0 0 0 0 0 0 0 0 0 0 0 0 0 0 0 0 0 0 0 0
4 1.3604 1.3936 1.4074 1.5197 0 0 0 0 0 0 0 0 0 0 0 0 0 0 0 0 0 0 0 0 0 0 0 0 0 0 0 0 0 0 0 0 0 0 0 0 0 0 0 0 0 0 0 0 0 0 0 0 0 0 0 0 0 0 0 0 0 0 0 0 0 0 0 0 0 0 0 0 0 0 0 0 0 0 0 0 0 0 0 0 0 0 0 0 0 0 0
10 0.5099 0.621 0.6879 0.7982 0.8347 0.939 1.1208 1.3887 1.4369 1.9703 0 0 0 0 0 0 0 0 0 0 0 0 0 0 0 0 0 0 0 0 0 0 0 0 0 0 0 0 0 0 0 0 0 0 0 0 0 0 0 0 0 0 0 0 0 0 0 0 0 0 0 0 0 0 0 0 0 0 0 0 0 0 0 0 0 0 0 0 0 0 0 0 0 0 0 0 0 0 0 0 0
7 0.5122 0.6616 0.6836 0.7157 0.8189 1.2876 1.5032 0 0 0 0 0 0 0 0 0 0 0 0 0 0 0 0 0 0 0 0 0 0 0 0 0 0 0 0 0 0 0 0 0 0 0 0 0 0 0 0 0 0 0 0 0 0 0 0 0 0 0 0 0 0 0 0 0 0 0 0 0 0 0 0 0 0 0 0 0 0 0 0 0 0 0 0 0 0 0 0 0 0 0 0
66 0.6171 0.6521 0.6829 0.6942 0.7216 0.7333 0.7553 0.7709 0.7838 0.8087 0.8262 0.8542 0.8679 0.884 0.894 0.9217 0.9312 0.9611 0.973 0.9764 1.0087 1.0371 1.0399 1.0541 1.0785 1.0906 1.1005 1.1176 1.1331 1.1382 1.1747 1.1809 1.2021 1.2121 1.2364 1.255 1.2857 1.3107 1.3709 1.401 1.4116 1.4245 1.4421 1.4547 1.4648 1.4795 1.4908 1.5261 1.5357 1.5526 1.5596 1.5783 1.5896 1.6015 1.6085 1.6264 1.6315 1.6759 1.6895 1.7078 1.7182 1.7509 1.7556 1.7794 1.797 1.8324 0 0 0 0 0 0 0 0 0 0 0 0 0 0 0 0 0 0 0 0 0 0 0 0 0
8 0.5594 0.6172 0.7731 1.3035 1.8285 1.8782 1.9281 1.9841 0 0 0 0 0 0 0 0 0 0 0 0 0 0 0 0 0 0 0 0 0 0 0 0 0 0 0 0 0 0 0 0 0 0 0 0 0 0 0 0 0 0 0 0 0 0 0 0 0 0 0 0 0 0 0 0 0 0 0 0 0 0 0 0 0 0 0 0 0 0 0 0 0 0 0 0 0 0 0 0 0 0 0
10 0.1257 0.2961 0.58 0.652 1.4043 1.4853 1.5454 2.2562 2.3115 2.3401 0 0 0 0 0 0 0 0 0 0 0 0 0 0 0 0 0 0 0 0 0 0 0 0 0 0 0 0 0 0 0 0 0 0 0 0 0 0 0 0 0 0 0 0 0 0 0 0 0 0 0 0 0 0 0 0 0 0 0 0 0 0 0 0 0 0 0 0 0 0 0 0 0 0 0 0 0 0 0 0 0
7 0.0014 0.7734 1.0085 1.1406 1.3344 1.386 2.0225 0 0 0 0 0 0 0 0 0 0 0 0 0 0 0 0 0 0 0 0 0 0 0 0 0 0 0 0 0 0 0 0 0 0 0 0 0 0 0 0 0 0 0 0 0 0 0 0 0 0 0 0 0 0 0 0 0 0 0 0 0 0 0 0 0 0 0 0 0 0 0 0 0 0 0 0 0 0 0 0 0 0 0 0
62 0.059 0.5511 0.6193 0.6397 0.6702 0.7088 0.7243 0.7532 0.7754 0.7843 0.8103 0.8448 0.8511 0.8782 0.8945 0.9069 0.9138 0.9629 0.9933 1.0139 1.0236 1.0522 1.062 1.0831 1.101 1.1349 1.1425 1.1795 1.1978 1.2065 1.222 1.2467 1.2572 1.282 1.2993 1.3234 1.3562 1.3935 1.4401 1.4495 1.4678 1.517 1.5273 1.551 1.5583 1.5816 1.5944 1.6106 1.6188 1.6543 1.669 1.6848 1.6917 1.7142 1.7169 1.7393 1.7633 1.7803 1.7945 1.8235 1.8362 1.8968 0 0 0 0 0 0 0 0 0 0 0 0 0 0 0 0 0 0 0 0 0 0 0 0 0 0 0 0 0
3 0.765 0.8417 1.7855 0 0 0 0 0 0 0 0 0 0 0 0 0 0 0 0 0 0 0 0 0 0 0 0 0 0 0 0 0 0 0 0 0 0 0 0 0 0 0 0 0 0 0 0 0 0 0 0 0 0 0 0 0 0 0 0 0 0 0 0 0 0 0 0 0 0 0 0 0 0 0 0 0 0 0 0 0 0 0 0 0 0 0 0 0 0 0 0
66 0.0014 0.7016 0.7438 0.7698 0.7961 0.8164 0.853 0.8686 0.9002 0.9145 0.9398 0.9569 0.9687 0.987 1.0049 1.0367 1.0443 1.067 1.0824 1.0967 1.1128 1.1429 1.1511 1.1717 1.1829 1.2035 1.2189 1.2334 1.2389 1.2648 1.2945 1.3151 1.3201 1.3667 1.3721 1.4101 1.4238 1.449 1.4605 1.4848 1.4912 1.4998 1.5295 1.5383 1.552 1.5643 1.5791 1.5872 1.5966 1.6042 1.6246 1.6347 1.6453 1.6652 1.6748 1.7011 1.7123 1.7326 1.7638 1.7731 1.7916 1.803 1.8291 1.9255 1.9348 2.222 0 0 0 0 0 0 0 0 0 0 0 0 0 0 0 0 0 0 0 0 0 0 0 0 0
10 0.0014 0.7331 0.7905 0.8886 1.1403 1.2739 1.3634 1.4923 1.6233 1.8667 0 0 0 0 0 0 0 0 0 0 0 0 0 0 0 0 0 0 0 0 0 0 0 0 0 0 0 0 0 0 0 0 0 0 0 0 0 0 0 0 0 0 0 0 0 0 0 0 0 0 0 0 0 0 0 0 0 0 0 0 0 0 0 0 0 0 0 0 0 0 0 0 0 0 0 0 0 0 0 0 0
15 0.3153 0.5017 0.5924 0.6235 0.647 0.7033 0.7324 0.7754 0.8449 1.0808 1.4679 1.6457 1.6978 1.8486 1.9004 0 0 0 0 0 0 0 0 0 0 0 0 0 0 0 0 0 0 0 0 0 0 0 0 0 0 0 0 0 0 0 0 0 0 0 0 0 0 0 0 0 0 0 0 0 0 0 0 0 0 0 0 0 0 0 0 0 0 0 0 0 0 0 0 0 0 0 0 0 0 0 0 0 0 0 0
44 0.1259 0.3601 0.495 0.5805 0.6764 0.7366 0.7565 0.8127 0.8205 0.8794 0.8975 0.9274 0.9571 0.9996 1.0171 1.0733 1.0984 1.1564 1.1939 1.2535 1.2972 1.3247 1.344 1.3857 1.5356 1.5826 1.5889 1.5998 1.6244 1.6431 1.6603 1.6743 1.6918 1.7068 1.7251 1.7343 1.7634 1.7805 1.7956 1.8204 1.8348 1.8752 1.9517 2.1591 0 0 0 0 0 0 0 0 0 0 0 0 0 0 0 0 0 0 0 0 0 0 0 0 0 0 0 0 0 0 0 0 0 0 0 0 0 0 0 0 0 0 0 0 0 0 0
8 0.562 0.686 0.7614 1.0902 1.3137 1.4162 1.5256 2.0267 0 0 0 0 0 0 0 0 0 0 0 0 0 0 0 0 0 0 0 0 0 0 0 0 0 0 0 0 0 0 0 0 0 0 0 0 0 0 0 0 0 0 0 0 0 0 0 0 0 0 0 0 0 0 0 0 0 0 0 0 0 0 0 0 0 0 0 0 0 0 0 0 0 0 0 0 0 0 0 0 0 0 0
9 0.5997 0.7671 0.8371 0.9961 1.0655 1.4777 1.5204 1.6739 2.0841 0 0 0 0 0 0 0 0 0 0 0 0 0 0 0 0 0 0 0 0 0 0 0 0 0 0 0 0 0 0 0 0 0 0 0 0 0 0 0 0 0 0 0 0 0 0 0 0 0 0 0 0 0 0 0 0 0 0 0 0 0 0 0 0 0 0 0 0 0 0 0 0 0 0 0 0 0 0 0 0 0 0
3 0.7917 0.9293 1.8298 0 0 0 0 0 0 0 0 0 0 0 0 0 0 0 0 0 0 0 0 0 0 0 0 0 0 0 0 0 0 0 0 0 0 0 0 0 0 0 0 0 0 0 0 0 0 0 0 0 0 0 0 0 0 0 0 0 0 0 0 0 0 0 0 0 0 0 0 0 0 0 0 0 0 0 0 0 0 0 0 0 0 0 0 0 0 0 0
28 0.073 0.1281 0.1459 0.177 0.2112 0.3026 0.3581 0.3973 0.5014 0.5769 0.5959 0.6403 0.6538 0.681 0.7028 0.7154 0.7731 0.7859 0.8645 0.9632 1.3373 1.5248 1.6044 1.706 1.7692 1.8848 2.004 2.1418 0 0 0 0 0 0 0 0 0 0 0 0 0 0 0 0 0 0 0 0 0 0 0 0 0 0 0 0 0 0 0 0 0 0 0 0 0 0 0 0 0 0 0 0 0 0 0 0 0 0 0 0 0 0 0 0 0 0 0 0 0 0 0
55 0.088 0.1128 0.1863 0.2698 0.3612 0.4474 0.5603 0.617 0.6396 0.7106 0.7405 0.7737 0.7972 0.8421 0.9097 0.9651 1.0512 1.1128 1.193 1.2137 1.2472 1.2689 1.4157 1.4865 1.5652 1.6028 1.6338 1.6621 1.6684 1.6863 1.698 1.721 1.7268 1.7543 1.7752 1.7826 1.8001 1.8311 1.8465 1.8725 1.9561 1.9779 1.9875 2.0092 2.025 2.0566 2.0761 2.1228 2.148 2.3198 2.3624 2.3966 2.4383 2.4613 2.475 0 0 0 0 0 0 0 0 0 0 0 0 0 0 0 0 0 0 0 0 0 0 0 0 0 0 0 0 0 0 0 0 0 0 0 0
1 1.3562 0 0 0 0 0 0 0 0 0 0 0 0 0 0 0 0 0 0 0 0 0 0 0 0 0 0 0 0 0 0 0 0 0 0 0 0 0 0 0 0 0 0 0 0 0 0 0 0 0 0 0 0 0 0 0 0 0 0 0 0 0 0 0 0 0 0 0 0 0 0 0 0 0 0 0 0 0 0 0 0 0 0 0 0 0 0 0 0 0 0
8 1.3338 1.4549 1.5307 1.5713 1.6034 1.6765 1.7864 1.8485 0 0 0 0 0 0 0 0 0 0 0 0 0 0 0 0 0 0 0 0 0 0 0 0 0 0 0 0 0 0 0 0 0 0 0 0 0 0 0 0 0 0 0 0 0 0 0 0 0 0 0 0 0 0 0 0 0 0 0 0 0 0 0 0 0 0 0 0 0 0 0 0 0 0 0 0 0 0 0 0 0 0 0
58 0.0014 0.6606 0.6806 0.7052 0.7197 0.7388 0.764 0.779 0.7903 0.8314 0.8374 0.8742 0.8786 0.9399 0.9523 0.9609 1.0005 1.0055 1.0301 1.051 1.0599 1.0908 1.1059 1.1189 1.139 1.1515 1.1744 1.2011 1.2202 1.2278 1.2501 1.2628 1.2747 1.2918 1.3251 1.3381 1.3811 1.3933 1.4181 1.4442 1.4715 1.4887 1.548 1.5689 1.5759 1.6014 1.6073 1.6213 1.6446 1.6511 1.6812 1.7127 1.7474 1.7742 1.7905 1.8046 1.8918 1.9285 0 0 0 0 0 0 0 0 0 0 0 0 0 0 0 0 0 0 0 0 0 0 0 0 0 0 0 0 0 0 0 0 0
4 0.1586 0.6916 1.2706 1.6212 0 0 0 0 0 0 0 0 0 0 0 0 0 0 0 0 0 0 0 0 0 0 0 0 0 0 0 0 0 0 0 0 0 0 0 0 0 0 0 0 0 0 0 0 0 0 0 0 0 0 0 0 0 0 0 0 0 0 0 0 0 0 0 0 0 0 0 0 0 0 0 0 0 0 0 0 0 0 0 0 0 0 0 0 0 0 0
11 0.0014 0.6106 0.7469 0.8502 0.9538 1.0021 1.0799 1.3793 1.4493 1.5502 1.6113 0 0 0 0 0 0 0 0 0 0 0 0 0 0 0 0 0 0 0 0 0 0 0 0 0 0 0 0 0 0 0 0 0 0 0 0 0 0 0 0 0 0 0 0 0 0 0 0 0 0 0 0 0 0 0 0 0 0 0 0 0 0 0 0 0 0 0 0 0 0 0 0 0 0 0 0 0 0 0 0
12 0.0015 0.0029 0.1271 0.188 0.5574 0.6407 0.7585 0.927 1.0623 1.1766 1.7847 2.0931 0 0 0 0 0 0 0 0 0 0 0 0 0 0 0 0 0 0 0 0 0 0 0 0 0 0 0 0 0 0 0 0 0 0 0 0 0 0 0 0 0 0 0 0 0 0 0 0 0 0 0 0 0 0 0 0 0 0 0 0 0 0 0 0 0 0 0 0 0 0 0 0 0 0 0 0 0 0 0
4 0.7462 1.3436 2.1533 2.193 0 0 0 0 0 0 0 0 0 0 0 0 0 0 0 0 0 0 0 0 0 0 0 0 0 0 0 0 0 0 0 0 0 0 0 0 0 0 0 0 0 0 0 0 0 0 0 0 0 0 0 0 0 0 0 0 0 0 0 0 0 0 0 0 0 0 0 0 0 0 0 0 0 0 0 0 0 0 0 0 0 0 0 0 0 0 0
8 0.6642 1.0289 1.1541 1.2254 1.2976 1.408 1.5516 1.6647 0 0 0 0 0 0 0 0 0 0 0 0 0 0 0 0 0 0 0 0 0 0 0 0 0 0 0 0 0 0 0 0 0 0 0 0 0 0 0 0 0 0 0 0 0 0 0 0 0 0 0 0 0 0 0 0 0 0 0 0 0 0 0 0 0 0 0 0 0 0 0 0 0 0 0 0 0 0 0 0 0 0 0
59 0.0014 0.6415 0.6931 0.7419 0.7541 0.7776 0.8259 0.8303 0.8828 0.8979 0.9364 0.9553 0.977 0.9944 1.0124 1.0449 1.0574 1.0656 1.0924 1.0988 1.106 1.1095 1.1388 1.1507 1.1646 1.1821 1.195 1.1986 1.2348 1.2475 1.2567 1.3169 1.3599 1.3779 1.393 1.409 1.4343 1.4675 1.4795 1.4895 1.5112 1.5286 1.5443 1.5518 1.5659 1.5769 1.5953 1.6 1.621 1.636 1.6578 1.6726 1.6803 1.6977 1.7107 1.7222 1.7908 1.8207 1.8328 0 0 0 0 0 0 0 0 0 0 0 0 0 0 0 0 0 0 0 0 0 0 0 0 0 0 0 0 0 0 0 0
37 0.6875 0.7063 0.7683 0.8477 0.9132 1.0178 1.0446 1.0645 1.0997 1.1331 1.15 1.1613 1.1797 1.2043 1.2158 1.2523 1.2678 1.362 1.4158 1.4673 1.5008 1.5246 1.5418 1.5471 1.5727 1.581 1.6007 1.6155 1.6201 1.6588 1.6714 1.699 1.7101 1.7361 1.7732 1.7964 1.8266 0 0 0 0 0 0 0 0 0 0 0 0 0 0 0 0 0 0 0 0 0 0 0 0 0 0 0 0 0 0 0 0 0 0 0 0 0 0 0 0 0 0 0 0 0 0 0 0 0 0 0 0 0 0
4 0.8287 1.4751 1.7983 1.8941 0 0 0 0 0 0 0 0 0 0 0 0 0 0 0 0 0 0 0 0 0 0 0 0 0 0 0 0 0 0 0 0 0 0 0 0 0 0 0 0 0 0 0 0 0 0 0 0 0 0 0 0 0 0 0 0 0 0 0 0 0 0 0 0 0 0 0 0 0 0 0 0 0 0 0 0 0 0 0 0 0 0 0 0 0 0 0
5 0.6942 1.325 1.3468 1.3606 1.4227 0 0 0 0 0 0 0 0 0 0 0 0 0 0 0 0 0 0 0 0 0 0 0 0 0 0 0 0 0 0 0 0 0 0 0 0 0 0 0 0 0 0 0 0 0 0 0 0 0 0 0 0 0 0 0 0 0 0 0 0 0 0 0 0 0 0 0 0 0 0 0 0 0 0 0 0 0 0 0 0 0 0 0 0 0 0
69 0.5212 0.6485 0.6714 0.6816 0.6868 0.7103 0.7254 0.7609 0.7956 0.8343 0.8434 0.8547 0.8931 0.9049 0.9189 0.9311 0.9603 0.9641 1.0036 1.0136 1.0261 1.0391 1.0695 1.0816 1.0923 1.1138 1.1254 1.1489 1.1693 1.1958 1.2083 1.2125 1.2376 1.2453 1.2551 1.2785 1.3021 1.3344 1.3452 1.3521 1.3652 1.3792 1.3994 1.4175 1.4412 1.4771 1.4944 1.5122 1.5305 1.5644 1.5732 1.6084 1.6327 1.6482 1.6624 1.6819 1.6936 1.702 1.7169 1.7247 1.7479 1.7616 1.7778 1.7875 1.8033 1.8369 1.8636 1.875 1.9228 0 0 0 0 0 0 0 0 0 0 0 0 0 0 0 0 0 0 0 0 0 0
34 0.0014 0.6597 0.6763 0.7361 0.7935 0.8477 0.9554 1.0394 1.1052 1.1319 1.1569 1.1847 1.1945 1.2215 1.2352 1.2524 1.2762 1.337 1.3619 1.5039 1.584 1.614 1.6392 1.6593 1.6773 1.694 1.7327 1.7599 1.7891 1.8235 1.8711 1.9129 1.9413 2.2404 0 0 0 0 0 0 0 0 0 0 0 0 0 0 0 0 0 0 0 0 0 0 0 0 0 0 0 0 0 0 0 0 0 0 0 0 0 0 0 0 0 0 0 0 0 0 0 0 0 0 0 0 0 0 0 0 0
9 0.7078 0.7657 0.8943 1.1636 1.2538 1.3759 1.6534 1.781 2.2121 0 0 0 0 0 0 0 0 0 0 0 0 0 0 0 0 0 0 0 0 0 0 0 0 0 0 0 0 0 0 0 0 0 0 0 0 0 0 0 0 0 0 0 0 0 0 0 0 0 0 0 0 0 0 0 0 0 0 0 0 0 0 0 0 0 0 0 0 0 0 0 0 0 0 0 0 0 0 0 0 0 0
4 0.0014 0.7568 1.4181 1.4805 0 0 0 0 0 0 0 0 0 0 0 0 0 0 0 0 0 0 0 0 0 0 0 0 0 0 0 0 0 0 0 0 0 0 0 0 0 0 0 0 0 0 0 0 0 0 0 0 0 0 0 0 0 0 0 0 0 0 0 0 0 0 0 0 0 0 0 0 0 0 0 0 0 0 0 0 0 0 0 0 0 0 0 0 0 0 0
15 0.3315 0.6923 0.7667 0.8506 0.9041 0.9631 1.0455 1.1152 1.1771 1.2445 1.3153 1.3952 1.4223 1.5134 1.8544 0 0 0 0 0 0 0 0 0 0 0 0 0 0 0 0 0 0 0 0 0 0 0 0 0 0 0 0 0 0 0 0 0 0 0 0 0 0 0 0 0 0 0 0 0 0 0 0 0 0 0 0 0 0 0 0 0 0 0 0 0 0 0 0 0 0 0 0 0 0 0 0 0 0 0 0
16 0.0371 0.171 0.4683 0.6029 0.7224 0.8059 0.8728 0.9157 0.9833 1.049 1.2045 1.3712 1.475 1.9216 2.0786 2.2276 0 0 0 0 0 0 0 0 0 0 0 0 0 0 0 0 0 0 0 0 0 0 0 0 0 0 0 0 0 0 0 0 0 0 0 0 0 0 0 0 0 0 0 0 0 0 0 0 0 0 0 0 0 0 0 0 0 0 0 0 0 0 0 0 0 0 0 0 0 0 0 0 0 0 0
36 0.0926 0.2136 0.6459 0.7078 0.7438 0.762 0.7826 0.8108 1.3592 1.3921 1.4082 1.4266 1.4341 1.448 1.4623 1.483 1.4887 1.4952 1.5028 1.5302 1.5347 1.5457 1.573 1.5849 1.5927 1.6103 1.6192 1.6544 1.6732 1.6892 1.7124 1.7543 1.7742 1.7809 1.7993 1.8352 0 0 0 0 0 0 0 0 0 0 0 0 0 0 0 0 0 0 0 0 0 0 0 0 0 0 0 0 0 0 0 0 0 0 0 0 0 0 0 0 0 0 0 0 0 0 0 0 0 0 0 0 0 0 0
17 0.0014 0.0971 0.4699 0.5529 0.6055 0.7575 0.8275 0.9862 1.1118 1.2127 1.3158 1.4327 1.4815 1.626 1.665 1.7013 1.7534 0 0 0 0 0 0 0 0 0 0 0 0 0 0 0 0 0 0 0 0 0 0 0 0 0 0 0 0 0 0 0 0 0 0 0 0 0 0 0 0 0 0 0 0 0 0 0 0 0 0 0 0 0 0 0 0 0 0 0 0 0 0 0 0 0 0 0 0 0 0 0 0 0 0
5 0.3883 0.6902 1.1284 1.1425 2.1242 0 0 0 0 0 0 0 0 0 0 0 0 0 0 0 0 0 0 0 0 0 0 0 0 0 0 0 0 0 0 0 0 0 0 0 0 0 0 0 0 0 0 0 0 0 0 0 0 0 0 0 0 0 0 0 0 0 0 0 0 0 0 0 0 0 0 0 0 0 0 0 0 0 0 0 0 0 0 0 0 0 0 0 0 0 0
9 0.3002 0.5302 0.6705 0.7185 0.7584 0.8466 1.2257 1.3731 1.4121 0 0 0 0 0 0 0 0 0 0 0 0 0 0 0 0 0 0 0 0 0 0 0 0 0 0 0 0 0 0 0 0 0 0 0 0 0 0 0 0 0 0 0 0 0 0 0 0 0 0 0 0 0 0 0 0 0 0 0 0 0 0 0 0 0 0 0 0 0 0 0 0 0 0 0 0 0 0 0 0 0 0
16 0.1487 0.7305 0.8964 0.9032 0.9661 1.0038 1.0397 1.045 1.0938 1.1072 1.147 1.1879 1.2188 1.251 1.2924 1.9906 0 0 0 0 0 0 0 0 0 0 0 0 0 0 0 0 0 0 0 0 0 0 0 0 0 0 0 0 0 0 0 0 0 0 0 0 0 0 0 0 0 0 0 0 0 0 0 0 0 0 0 0 0 0 0 0 0 0 0 0 0 0 0 0 0 0 0 0 0 0 0 0 0 0 0
68 0.0951 0.1567 0.2575 0.6622 0.6798 0.7362 0.749 0.7646 0.7718 0.8056 0.8202 0.8277 0.8557 0.8624 0.8951 0.9031 0.9298 0.9512 0.9668 0.9754 1.0105 1.0144 1.0605 1.0716 1.097 1.1107 1.1188 1.1435 1.1514 1.1681 1.1719 1.2029 1.2159 1.2393 1.2481 1.2606 1.2643 1.3084 1.3231 1.3472 1.3531 1.3618 1.3964 1.4629 1.4872 1.5024 1.5271 1.5392 1.5423 1.5616 1.5765 1.5881 1.6065 1.6152 1.6229 1.6492 1.6528 1.6736 1.6801 1.7091 1.7235 1.7461 1.7606 1.774 1.7868 1.8154 1.8298 1.895 0 0 0 0 0 0 0 0 0 0 0 0 0 0 0 0 0 0 0 0 0 0 0
12 0.0776 0.1868 0.4682 0.7502 0.979 1.0611 1.1357 1.4413 1.5284 1.6286 1.8355 1.9573 0 0 0 0 0 0 0 0 0 0 0 0 0 0 0 0 0 0 0 0 0 0 0 0 0 0 0 0 0 0 0 0 0 0 0 0 0 0 0 0 0 0 0 0 0 0 0 0 0 0 0 0 0 0 0 0 0 0 0 0 0 0 0 0 0 0 0 0 0 0 0 0 0 0 0 0 0 0 0
3 0.0014 0.2872 1.3347 0 0 0 0 0 0 0 0 0 0 0 0 0 0 0 0 0 0 0 0 0 0 0 0 0 0 0 0 0 0 0 0 0 0 0 0 0 0 0 0 0 0 0 0 0 0 0 0 0 0 0 0 0 0 0 0 0 0 0 0 0 0 0 0 0 0 0 0 0 0 0 0 0 0 0 0 0 0 0 0 0 0 0 0 0 0 0 0
11 0.0014 0.7054 0.7164 0.7625 0.7831 0.8408 1.1385 1.3002 1.3626 1.4188 1.5642 0 0 0 0 0 0 0 0 0 0 0 0 0 0 0 0 0 0 0 0 0 0 0 0 0 0 0 0 0 0 0 0 0 0 0 0 0 0 0 0 0 0 0 0 0 0 0 0 0 0 0 0 0 0 0 0 0 0 0 0 0 0 0 0 0 0 0 0 0 0 0 0 0 0 0 0 0 0 0 0
47 0.6003 0.6536 0.674 0.7706 0.83 0.8796 0.9425 0.9768 1.0291 1.0604 1.088 1.0936 1.1423 1.1457 1.161 1.1879 1.2011 1.2207 1.2298 1.2502 1.2666 1.2893 1.368 1.396 1.4266 1.449 1.5033 1.5242 1.5326 1.5449 1.5673 1.576 1.5949 1.6199 1.6288 1.6489 1.6571 1.6848 1.7161 1.7255 1.7784 1.8367 1.8631 2.0319 2.0568 2.1031 2.1375 0 0 0 0 0 0 0 0 0 0 0 0 0 0 0 0 0 0 0 0 0 0 0 0 0 0 0 0 0 0 0 0 0 0 0 0 0 0 0 0 0 0 0 0
10 0.7174 0.8586 1.1304 1.2585 1.3023 1.3474 1.4277 1.5748 1.6916 1.7444 0 0 0 0 0 0 0 0 0 0 0 0 0 0 0 0 0 0 0 0 0 0 0 0 0 0 0 0 0 0 0 0 0 0 0 0 0 0 0 0 0 0 0 0 0 0 0 0 0 0 0 0 0 0 0 0 0 0 0 0 0 0 0 0 0 0 0 0 0 0 0 0 0 0 0 0 0 0 0 0 0
