102 0.2496 0.3743 0.3762 0.3782 0.38 0.3819 0.384 0.386 0.3882 0.39 0.4391 0.4407 0.4425 0.4445 0.4466 0.4486 0.4506 0.4874 0.5834 0.5873 0.6038 0.6059 0.6192 0.6402 0.6435 0.6891 0.7263 0.7678 0.8224 0.864 0.8905 0.9079 0.9487 0.9535 0.9634 0.9756 1.0049 1.0249 1.0649 1.0775 1.0923 1.1152 1.142 1.1539 1.1567 1.183 1.2144 1.2169 1.2205 1.2319 1.2555 1.2604 1.263 1.3252 1.3363 1.3783 1.4001 1.4202 1.4319 1.4418 1.4454 1.4986 1.5004 1.5023 1.5083 1.5143 1.521 1.5295 1.5353 1.5413 1.574 1.5949 1.5963 1.6266 1.6487 1.6527 1.6587 1.6755 1.699 1.7115 1.7222 1.7239 1.7669 1.81 1.8175 1.8483 1.85 1.8533 1.8813 1.8952 1.9068 2.0397 2.0417 2.0436 2.0455 2.0476 2.0495 2.0516 2.0967 2.1008 2.1047 2.1066 0 0 0 0 0 0 0 0 0 0
64 0.2687 0.313 0.5504 0.5919 0.5935 0.5981 0.6018 0.603 0.6194 0.6215 0.6243 0.6668 0.6776 0.707 0.7168 0.748 0.7613 0.7863 0.8236 0.828 0.8781 0.9279 0.9769 0.9975 1.0446 1.0516 1.0831 1.1158 1.1289 1.1638 1.1914 1.1967 1.2042 1.2116 1.2209 1.2285 1.2364 1.2601 1.2705 1.28 1.2826 1.2842 1.3257 1.3781 1.4292 1.4674 1.5109 1.5393 1.5517 1.5735 1.5822 1.5954 1.6042 1.6312 1.648 1.6716 1.6791 1.7053 1.707 1.7212 1.7496 1.7817 1.8006 1.8424 0 0 0 0 0 0 0 0 0 0 0 0 0 0 0 0 0 0 0 0 0 0 0 0 0 0 0 0 0 0 0 0 0 0 0 0 0 0 0 0 0 0 0 0 0 0 0 0
20 0.6245 0.6716 0.7154 0.9992 1.0557 1.0952 1.1343 1.1728 1.1758 1.1829 1.2468 1.2507 1.2826 1.2908 1.51 1.5578 1.6041 1.6558 1.685 1.715 0 0 0 0 0 0 0 0 0 0 0 0 0 0 0 0 0 0 0 0 0 0 0 0 0 0 0 0 0 0 0 0 0 0 0 0 0 0 0 0 0 0 0 0 0 0 0 0 0 0 0 0 0 0 0 0 0 0 0 0 0 0 0 0 0 0 0 0 0 0 0 0 0 0 0 0 0 0 0 0 0 0 0 0 0 0 0 0 0 0 0 0
15 0.5623 0.6179 0.6877 1.0268 1.0972 1.1073 1.1552 1.1613 1.1741 1.1927 1.2012 1.2197 1.2236 1.5415 1.6958 0 0 0 0 0 0 0 0 0 0 0 0 0 0 0 0 0 0 0 0 0 0 0 0 0 0 0 0 0 0 0 0 0 0 0 0 0 0 0 0 0 0 0 0 0 0 0 0 0 0 0 0 0 0 0 0 0 0 0 0 0 0 0 0 0 0 0 0 0 0 0 0 0 0 0 0 0 0 0 0 0 0 0 0 0 0 0 0 0 0 0 0 0 0 0 0 0
23 0.6513 0.7631 0.9044 1.0289 1.0877 1.0968 1.1226 1.1252 1.1328 1.1351 1.1745 1.2017 1.2037 1.2139 1.5628 1.5682 1.58 1.6075 1.6124 1.6562 1.6589 1.6969 1.77 0 0 0 0 0 0 0 0 0 0 0 0 0 0 0 0 0 0 0 0 0 0 0 0 0 0 0 0 0 0 0 0 0 0 0 0 0 0 0 0 0 0 0 0 0 0 0 0 0 0 0 0 0 0 0 0 0 0 0 0 0 0 0 0 0 0 0 0 0 0 0 0 0 0 0 0 0 0 0 0 0 0 0 0 0 0 0 0 0
21 0.0338 0.5752 0.627 0.6624 0.6746 0.6765 0.7849 0.8548 0.9439 1.1108 1.1347 1.183 1.2685 1.485 1.5209 1.5806 1.6135 1.6557 1.6694 1.7286 1.8212 0 0 0 0 0 0 0 0 0 0 0 0 0 0 0 0 0 0 0 0 0 0 0 0 0 0 0 0 0 0 0 0 0 0 0 0 0 0 0 0 0 0 0 0 0 0 0 0 0 0 0 0 0 0 0 0 0 0 0 0 0 0 0 0 0 0 0 0 0 0 0 0 0 0 0 0 0 0 0 0 0 0 0 0 0 0 0 0 0 0 0
33 0.0014 0.5715 0.5891 0.6011 0.6075 0.6105 0.6606 0.6813 0.7351 0.7758 1.024 1.0503 1.0737 1.1193 1.1212 1.1397 1.1435 1.1454 1.1595 1.1631 1.2104 1.2245 1.2455 1.4077 1.4458 1.4993 1.5189 1.5702 1.59 1.6525 1.6684 1.7437 1.7738 0 0 0 0 0 0 0 0 0 0 0 0 0 0 0 0 0 0 0 0 0 0 0 0 0 0 0 0 0 0 0 0 0 0 0 0 0 0 0 0 0 0 0 0 0 0 0 0 0 0 0 0 0 0 0 0 0 0 0 0 0 0 0 0 0 0 0 0 0 0 0 0 0 0 0 0 0 0 0
12 0.4762 0.6656 1.1414 1.2022 1.2204 1.5458 1.5598 1.6052 1.6073 1.6392 1.7097 1.8194 0 0 0 0 0 0 0 0 0 0 0 0 0 0 0 0 0 0 0 0 0 0 0 0 0 0 0 0 0 0 0 0 0 0 0 0 0 0 0 0 0 0 0 0 0 0 0 0 0 0 0 0 0 0 0 0 0 0 0 0 0 0 0 0 0 0 0 0 0 0 0 0 0 0 0 0 0 0 0 0 0 0 0 0 0 0 0 0 0 0 0 0 0 0 0 0 0 0 0 0
58 0.5898 0.5934 0.6023 0.6089 0.616 0.6253 0.6417 0.6447 0.6616 0.7029 0.7247 0.7311 0.8406 0.8836 0.9512 1.0045 1.0067 1.0323 1.047 1.0629 1.0993 1.1113 1.128 1.1447 1.1503 1.1542 1.156 1.1806 1.1863 1.1901 1.2062 1.2126 1.215 1.2221 1.231 1.2352 1.2965 1.3916 1.4262 1.4596 1.5054 1.5098 1.5465 1.5568 1.5696 1.5725 1.5751 1.6043 1.6087 1.6202 1.6482 1.6575 1.6715 1.7012 1.7128 1.7429 1.7486 1.7512 0 0 0 0 0 0 0 0 0 0 0 0 0 0 0 0 0 0 0 0 0 0 0 0 0 0 0 0 0 0 0 0 0 0 0 0 0 0 0 0 0 0 0 0 0 0 0 0 0 0 0 0 0 0
29 0.0015 0.1416 0.6409 0.8449 0.9276 1.0292 1.0539 1.0743 1.0808 1.0882 1.1064 1.1328 1.1435 1.1465 1.1633 1.1784 1.1851 1.1931 1.2014 1.2075 1.222 1.2256 1.2432 1.2528 1.2921 1.3457 1.7194 1.7394 1.7946 0 0 0 0 0 0 0 0 0 0 0 0 0 0 0 0 0 0 0 0 0 0 0 0 0 0 0 0 0 0 0 0 0 0 0 0 0 0 0 0 0 0 0 0 0 0 0 0 0 0 0 0 0 0 0 0 0 0 0 0 0 0 0 0 0 0 0 0 0 0 0 0 0 0 0 0 0 0 0 0 0 0 0
39 0.0015 0.5817 0.5937 0.6037 0.6108 0.6429 0.6665 0.9969 1.0192 1.0681 1.1027 1.1076 1.118 1.1271 1.1289 1.1391 1.1422 1.1434 1.1557 1.1738 1.1904 1.1921 1.2097 1.2209 1.2673 1.3049 1.4871 1.5167 1.5325 1.5895 1.6153 1.6424 1.6456 1.6484 1.6525 1.6672 1.6934 1.7226 1.7699 0 0 0 0 0 0 0 0 0 0 0 0 0 0 0 0 0 0 0 0 0 0 0 0 0 0 0 0 0 0 0 0 0 0 0 0 0 0 0 0 0 0 0 0 0 0 0 0 0 0 0 0 0 0 0 0 0 0 0 0 0 0 0 0 0 0 0 0 0 0 0 0 0
16 0.0014 0.1024 0.205 1.0468 1.0633 1.0785 1.0922 1.1261 1.1394 1.1643 1.2405 1.266 1.6062 1.6293 1.7568 1.8799 0 0 0 0 0 0 0 0 0 0 0 0 0 0 0 0 0 0 0 0 0 0 0 0 0 0 0 0 0 0 0 0 0 0 0 0 0 0 0 0 0 0 0 0 0 0 0 0 0 0 0 0 0 0 0 0 0 0 0 0 0 0 0 0 0 0 0 0 0 0 0 0 0 0 0 0 0 0 0 0 0 0 0 0 0 0 0 0 0 0 0 0 0 0 0 0
22 0.0509 0.4475 0.5935 0.6419 0.6433 0.9392 1.0036 1.0105 1.075 1.0878 1.1027 1.1194 1.1306 1.1532 1.186 1.2247 1.237 1.2865 1.5727 1.6348 1.7124 1.7669 0 0 0 0 0 0 0 0 0 0 0 0 0 0 0 0 0 0 0 0 0 0 0 0 0 0 0 0 0 0 0 0 0 0 0 0 0 0 0 0 0 0 0 0 0 0 0 0 0 0 0 0 0 0 0 0 0 0 0 0 0 0 0 0 0 0 0 0 0 0 0 0 0 0 0 0 0 0 0 0 0 0 0 0 0 0 0 0 0 0
25 0.0014 0.4134 0.4359 0.5624 0.6447 0.6732 0.6893 0.8405 0.9947 1.0356 1.0787 1.1521 1.1726 1.1837 1.2 1.2097 1.2378 1.4384 1.4415 1.4924 1.54 1.5894 1.6141 1.6259 1.6783 0 0 0 0 0 0 0 0 0 0 0 0 0 0 0 0 0 0 0 0 0 0 0 0 0 0 0 0 0 0 0 0 0 0 0 0 0 0 0 0 0 0 0 0 0 0 0 0 0 0 0 0 0 0 0 0 0 0 0 0 0 0 0 0 0 0 0 0 0 0 0 0 0 0 0 0 0 0 0 0 0 0 0 0 0 0 0
39 0.0015 0.6386 0.7116 0.7535 0.7832 0.8238 0.8744 0.9139 1.0086 1.0175 1.0329 1.0446 1.0749 1.0792 1.1095 1.1288 1.1388 1.1439 1.1556 1.1652 1.1737 1.1831 1.1961 1.2008 1.2306 1.2462 1.2494 1.2726 1.2787 1.3014 1.3086 1.3257 1.3309 1.3694 1.4927 1.5352 1.6789 1.73 1.7967 0 0 0 0 0 0 0 0 0 0 0 0 0 0 0 0 0 0 0 0 0 0 0 0 0 0 0 0 0 0 0 0 0 0 0 0 0 0 0 0 0 0 0 0 0 0 0 0 0 0 0 0 0 0 0 0 0 0 0 0 0 0 0 0 0 0 0 0 0 0 0 0 0
25 0.0015 0.0888 0.203 0.2906 0.4683 0.5167 0.5464 0.5787 0.6014 0.6667 1.0668 1.0944 1.1151 1.1242 1.1504 1.1566 1.1676 1.1777 1.1799 1.1869 1.2016 1.2118 1.5539 1.6254 1.6927 0 0 0 0 0 0 0 0 0 0 0 0 0 0 0 0 0 0 0 0 0 0 0 0 0 0 0 0 0 0 0 0 0 0 0 0 0 0 0 0 0 0 0 0 0 0 0 0 0 0 0 0 0 0 0 0 0 0 0 0 0 0 0 0 0 0 0 0 0 0 0 0 0 0 0 0 0 0 0 0 0 0 0 0 0 0 0
22 0.0015 0.2899 0.3627 0.9034 1.1047 1.133 1.1467 1.1533 1.1638 1.1821 1.2122 1.2299 1.2379 1.262 1.2881 1.4584 1.487 1.5573 1.6266 1.6446 1.6832 1.7016 0 0 0 0 0 0 0 0 0 0 0 0 0 0 0 0 0 0 0 0 0 0 0 0 0 0 0 0 0 0 0 0 0 0 0 0 0 0 0 0 0 0 0 0 0 0 0 0 0 0 0 0 0 0 0 0 0 0 0 0 0 0 0 0 0 0 0 0 0 0 0 0 0 0 0 0 0 0 0 0 0 0 0 0 0 0 0 0 0 0
45 0.132 0.5383 0.5665 0.5773 0.5791 0.6102 0.6535 0.7021 0.7481 0.7864 0.8094 0.8752 0.9129 0.9171 0.9987 1.1117 1.1291 1.1504 1.1618 1.1667 1.1899 1.1971 1.23 1.2328 1.2339 1.2378 1.2737 1.2982 1.3362 1.3912 1.4141 1.4604 1.5078 1.5106 1.5573 1.5598 1.578 1.5843 1.6353 1.6372 1.6645 1.7088 1.7253 1.7305 1.7606 0 0 0 0 0 0 0 0 0 0 0 0 0 0 0 0 0 0 0 0 0 0 0 0 0 0 0 0 0 0 0 0 0 0 0 0 0 0 0 0 0 0 0 0 0 0 0 0 0 0 0 0 0 0 0 0 0 0 0 0 0 0 0 0 0 0 0
34 0.0015 0.4118 0.5048 0.5818 0.6419 0.7406 0.8585 0.9562 0.974 1.0278 1.0591 1.0652 1.0674 1.082 1.091 1.1068 1.1132 1.116 1.1209 1.1858 1.1986 1.2205 1.2275 1.4668 1.4726 1.4928 1.5283 1.5348 1.5699 1.5899 1.6102 1.6117 1.6823 1.7138 0 0 0 0 0 0 0 0 0 0 0 0 0 0 0 0 0 0 0 0 0 0 0 0 0 0 0 0 0 0 0 0 0 0 0 0 0 0 0 0 0 0 0 0 0 0 0 0 0 0 0 0 0 0 0 0 0 0 0 0 0 0 0 0 0 0 0 0 0 0 0 0 0 0 0 0 0 0
42 0.6395 0.661 0.668 0.6903 0.7183 0.7786 0.8085 0.9272 0.9813 1.0232 1.0376 1.0753 1.0881 1.0962 1.1211 1.1282 1.1302 1.136 1.157 1.1629 1.1657 1.1705 1.1842 1.1862 1.188 1.1914 1.1951 1.2034 1.2122 1.2246 1.2394 1.2619 1.5188 1.543 1.5456 1.5869 1.6003 1.6411 1.6591 1.6843 1.7349 1.7449 0 0 0 0 0 0 0 0 0 0 0 0 0 0 0 0 0 0 0 0 0 0 0 0 0 0 0 0 0 0 0 0 0 0 0 0 0 0 0 0 0 0 0 0 0 0 0 0 0 0 0 0 0 0 0 0 0 0 0 0 0 0 0 0 0 0 0 0 0 0
19 0.0014 0.5967 0.7281 0.833 0.9659 0.9951 1.2926 1.3465 1.5971 1.6622 1.6843 1.7244 1.7336 1.7637 1.7877 1.8134 1.8395 1.8908 2.1964 0 0 0 0 0 0 0 0 0 0 0 0 0 0 0 0 0 0 0 0 0 0 0 0 0 0 0 0 0 0 0 0 0 0 0 0 0 0 0 0 0 0 0 0 0 0 0 0 0 0 0 0 0 0 0 0 0 0 0 0 0 0 0 0 0 0 0 0 0 0 0 0 0 0 0 0 0 0 0 0 0 0 0 0 0 0 0 0 0 0 0 0 0
38 0.0015 0.2907 0.3905 0.5757 0.5891 0.5971 0.6176 0.6462 0.7151 0.7541 0.8141 0.8631 0.9287 0.9622 1.0908 1.094 1.1196 1.1395 1.1574 1.1779 1.1925 1.2063 1.219 1.2549 1.3339 1.3535 1.3642 1.4488 1.4657 1.4837 1.5134 1.5203 1.5223 1.5741 1.6581 1.6641 1.6816 1.6978 0 0 0 0 0 0 0 0 0 0 0 0 0 0 0 0 0 0 0 0 0 0 0 0 0 0 0 0 0 0 0 0 0 0 0 0 0 0 0 0 0 0 0 0 0 0 0 0 0 0 0 0 0 0 0 0 0 0 0 0 0 0 0 0 0 0 0 0 0 0 0 0 0 0
21 0.0015 0.6021 0.6708 0.7373 1.1034 1.1181 1.133 1.1679 1.1706 1.1902 1.2091 1.219 1.3061 1.5759 1.6084 1.6253 1.648 1.6652 1.7731 1.7879 1.7928 0 0 0 0 0 0 0 0 0 0 0 0 0 0 0 0 0 0 0 0 0 0 0 0 0 0 0 0 0 0 0 0 0 0 0 0 0 0 0 0 0 0 0 0 0 0 0 0 0 0 0 0 0 0 0 0 0 0 0 0 0 0 0 0 0 0 0 0 0 0 0 0 0 0 0 0 0 0 0 0 0 0 0 0 0 0 0 0 0 0 0
25 0.0015 0.61 0.6228 0.7034 0.8293 0.8905 0.985 1.025 1.0574 1.1185 1.1468 1.1556 1.1641 1.1968 1.2037 1.2108 1.2399 1.3754 1.5194 1.5828 1.5915 1.6501 1.6815 1.6998 1.7522 0 0 0 0 0 0 0 0 0 0 0 0 0 0 0 0 0 0 0 0 0 0 0 0 0 0 0 0 0 0 0 0 0 0 0 0 0 0 0 0 0 0 0 0 0 0 0 0 0 0 0 0 0 0 0 0 0 0 0 0 0 0 0 0 0 0 0 0 0 0 0 0 0 0 0 0 0 0 0 0 0 0 0 0 0 0 0
30 0.6052 0.6414 0.6536 0.6804 0.7216 0.7789 0.8229 0.8657 0.9176 0.9912 1.0121 1.0154 1.0547 1.0786 1.0863 1.0972 1.1059 1.1248 1.1379 1.1461 1.1786 1.1871 1.1924 1.4527 1.4617 1.5022 1.5616 1.611 1.6534 1.7345 0 0 0 0 0 0 0 0 0 0 0 0 0 0 0 0 0 0 0 0 0 0 0 0 0 0 0 0 0 0 0 0 0 0 0 0 0 0 0 0 0 0 0 0 0 0 0 0 0 0 0 0 0 0 0 0 0 0 0 0 0 0 0 0 0 0 0 0 0 0 0 0 0 0 0 0 0 0 0 0 0 0
20 0.1854 0.6232 0.7169 0.732 1.1441 1.1675 1.194 1.1953 1.2061 1.245 1.2539 1.56 1.5781 1.6225 1.6415 1.6481 1.6491 1.6511 1.6787 1.694 0 0 0 0 0 0 0 0 0 0 0 0 0 0 0 0 0 0 0 0 0 0 0 0 0 0 0 0 0 0 0 0 0 0 0 0 0 0 0 0 0 0 0 0 0 0 0 0 0 0 0 0 0 0 0 0 0 0 0 0 0 0 0 0 0 0 0 0 0 0 0 0 0 0 0 0 0 0 0 0 0 0 0 0 0 0 0 0 0 0 0 0
58 0.2303 0.6003 0.6099 0.6112 0.6141 0.6166 0.6236 0.6487 0.6553 0.6877 0.7286 0.747 0.7673 0.7803 0.8031 0.8196 0.8882 0.9927 1.0006 1.006 1.0174 1.0505 1.0537 1.0744 1.0778 1.1036 1.1169 1.1381 1.1412 1.1647 1.1704 1.1757 1.2189 1.243 1.3941 1.41 1.4412 1.4525 1.4633 1.4692 1.4826 1.4852 1.5066 1.528 1.5296 1.5712 1.5821 1.5851 1.609 1.6207 1.634 1.6398 1.649 1.6614 1.6661 1.7057 1.7652 1.7792 0 0 0 0 0 0 0 0 0 0 0 0 0 0 0 0 0 0 0 0 0 0 0 0 0 0 0 0 0 0 0 0 0 0 0 0 0 0 0 0 0 0 0 0 0 0 0 0 0 0 0 0 0 0
65 0.0014 0.2674 0.5772 0.5995 0.6134 0.6422 0.6468 0.6548 0.6745 0.6874 0.7355 0.7662 0.8189 0.8747 0.9022 0.928 0.9716 0.9943 0.9973 1.0027 1.0358 1.0399 1.0428 1.0556 1.0571 1.0651 1.0876 1.1056 1.1242 1.1348 1.1367 1.1389 1.152 1.1541 1.156 1.1642 1.1843 1.1996 1.2088 1.2116 1.2278 1.2299 1.2312 1.2378 1.2534 1.2581 1.2834 1.3303 1.4028 1.4164 1.4693 1.4959 1.5269 1.5453 1.5584 1.5679 1.5937 1.6464 1.6615 1.6673 1.6773 1.7154 1.7189 1.8057 1.8126 0 0 0 0 0 0 0 0 0 0 0 0 0 0 0 0 0 0 0 0 0 0 0 0 0 0 0 0 0 0 0 0 0 0 0 0 0 0 0 0 0 0 0 0 0 0 0
64 0.4599 0.5382 0.5658 0.5804 0.5859 0.6179 0.6421 0.6937 0.7282 0.7764 0.8575 0.9391 0.9987 1.0025 1.0578 1.1245 1.1465 1.1625 1.1685 1.1813 1.193 1.1967 1.2026 1.2229 1.239 1.3613 1.4876 1.4997 1.5057 1.5089 1.5123 1.5216 1.5305 1.536 1.5405 1.5417 1.5469 1.5506 1.5526 1.5673 1.5712 1.5724 1.5757 1.5787 1.5854 1.6059 1.6085 1.6181 1.6287 1.6329 1.6432 1.6549 1.6751 1.6801 1.6902 1.6955 1.6981 1.7405 1.7495 1.7766 1.7864 1.7923 1.8007 1.8979 0 0 0 0 0 0 0 0 0 0 0 0 0 0 0 0 0 0 0 0 0 0 0 0 0 0 0 0 0 0 0 0 0 0 0 0 0 0 0 0 0 0 0 0 0 0 0 0
54 0.5377 0.5847 0.5952 0.6015 0.621 0.6321 0.6651 0.7299 0.7761 0.8059 0.9144 0.9718 0.99 1.0045 1.0128 1.0302 1.0342 1.0475 1.0574 1.068 1.075 1.0764 1.1029 1.1062 1.1087 1.1181 1.1219 1.1307 1.1338 1.1509 1.1577 1.1662 1.1765 1.1904 1.2004 1.2072 1.2436 1.3827 1.4385 1.4726 1.5022 1.5369 1.5435 1.545 1.5563 1.5647 1.6157 1.6273 1.6688 1.6706 1.679 1.696 1.7536 1.7835 0 0 0 0 0 0 0 0 0 0 0 0 0 0 0 0 0 0 0 0 0 0 0 0 0 0 0 0 0 0 0 0 0 0 0 0 0 0 0 0 0 0 0 0 0 0 0 0 0 0 0 0 0 0 0 0 0 0
22 0.6041 0.6377 0.6642 0.6734 0.8098 1.2324 1.2379 1.2794 1.3389 1.4932 1.5935 1.6641 1.6736 1.6782 1.7231 1.7528 1.7607 1.7633 1.7898 1.8048 1.8089 1.8963 0 0 0 0 0 0 0 0 0 0 0 0 0 0 0 0 0 0 0 0 0 0 0 0 0 0 0 0 0 0 0 0 0 0 0 0 0 0 0 0 0 0 0 0 0 0 0 0 0 0 0 0 0 0 0 0 0 0 0 0 0 0 0 0 0 0 0 0 0 0 0 0 0 0 0 0 0 0 0 0 0 0 0 0 0 0 0 0 0 0
60 0.0015 0.5778 0.5925 0.6011 0.6128 0.6235 0.6513 0.6558 0.6788 0.7301 0.7972 0.845 0.9405 0.9521 0.9718 0.9792 1.0111 1.0244 1.0483 1.0536 1.0557 1.0783 1.0921 1.0949 1.097 1.1233 1.1244 1.1299 1.1319 1.1351 1.1435 1.1468 1.1592 1.1634 1.166 1.1776 1.1786 1.215 1.2161 1.2279 1.2292 1.2328 1.2359 1.2922 1.4868 1.5147 1.532 1.5573 1.5757 1.5994 1.6246 1.6428 1.678 1.6895 1.7054 1.7248 1.7328 1.7586 1.7752 1.795 0 0 0 0 0 0 0 0 0 0 0 0 0 0 0 0 0 0 0 0 0 0 0 0 0 0 0 0 0 0 0 0 0 0 0 0 0 0 0 0 0 0 0 0 0 0 0 0 0 0 0 0
25 0.0014 0.6814 0.6836 0.9794 1.0527 1.0826 1.0865 1.1163 1.1427 1.154 1.155 1.1576 1.175 1.1856 1.1958 1.1997 1.2091 1.2232 1.2347 1.2416 1.283 1.5176 1.6062 1.6802 1.7469 0 0 0 0 0 0 0 0 0 0 0 0 0 0 0 0 0 0 0 0 0 0 0 0 0 0 0 0 0 0 0 0 0 0 0 0 0 0 0 0 0 0 0 0 0 0 0 0 0 0 0 0 0 0 0 0 0 0 0 0 0 0 0 0 0 0 0 0 0 0 0 0 0 0 0 0 0 0 0 0 0 0 0 0 0 0 0
55 0.0015 0.5823 0.5995 0.6024 0.6823 0.727 0.8707 0.9043 0.9445 0.9675 0.9705 0.9756 0.9911 1.0101 1.0181 1.0319 1.0346 1.0444 1.0555 1.0589 1.0618 1.0784 1.0921 1.0954 1.0978 1.1233 1.1254 1.136 1.1423 1.1617 1.1652 1.1785 1.1859 1.1886 1.1918 1.1945 1.2031 1.2139 1.2191 1.2234 1.2356 1.2434 1.2643 1.4778 1.4907 1.5337 1.5351 1.569 1.6085 1.6172 1.6472 1.6731 1.7305 1.7707 1.8477 0 0 0 0 0 0 0 0 0 0 0 0 0 0 0 0 0 0 0 0 0 0 0 0 0 0 0 0 0 0 0 0 0 0 0 0 0 0 0 0 0 0 0 0 0 0 0 0 0 0 0 0 0 0 0 0 0
27 0.0015 0.665 0.7365 0.9626 1.0318 1.0855 1.1083 1.1244 1.1413 1.144 1.1504 1.153 1.1748 1.1817 1.1872 1.1893 1.2086 1.2115 1.2332 1.2425 1.2653 1.5911 1.6612 1.6833 1.7014 1.7523 1.7902 0 0 0 0 0 0 0 0 0 0 0 0 0 0 0 0 0 0 0 0 0 0 0 0 0 0 0 0 0 0 0 0 0 0 0 0 0 0 0 0 0 0 0 0 0 0 0 0 0 0 0 0 0 0 0 0 0 0 0 0 0 0 0 0 0 0 0 0 0 0 0 0 0 0 0 0 0 0 0 0 0 0 0 0 0
51 0.4265 0.4989 0.5834 0.5976 0.6514 0.683 0.8503 0.913 0.9338 0.952 0.9679 0.9701 0.9809 0.9941 1.0015 1.0144 1.0435 1.0556 1.0584 1.0617 1.0689 1.0816 1.0835 1.0846 1.0941 1.0978 1.1048 1.1139 1.1163 1.1195 1.1259 1.1523 1.1615 1.1642 1.1671 1.1688 1.2045 1.2106 1.2353 1.2611 1.2721 1.3374 1.3446 1.4159 1.5009 1.545 1.5621 1.6013 1.6198 1.6997 1.7422 0 0 0 0 0 0 0 0 0 0 0 0 0 0 0 0 0 0 0 0 0 0 0 0 0 0 0 0 0 0 0 0 0 0 0 0 0 0 0 0 0 0 0 0 0 0 0 0 0 0 0 0 0 0 0 0 0 0 0 0 0
14 0.4294 0.7038 1.0362 1.0457 1.0816 1.1213 1.1423 1.1647 1.2022 1.2423 1.6082 1.641 1.6571 1.6742 0 0 0 0 0 0 0 0 0 0 0 0 0 0 0 0 0 0 0 0 0 0 0 0 0 0 0 0 0 0 0 0 0 0 0 0 0 0 0 0 0 0 0 0 0 0 0 0 0 0 0 0 0 0 0 0 0 0 0 0 0 0 0 0 0 0 0 0 0 0 0 0 0 0 0 0 0 0 0 0 0 0 0 0 0 0 0 0 0 0 0 0 0 0 0 0 0 0
21 0.0014 0.5044 0.5557 0.7494 1.0272 1.0494 1.088 1.0969 1.1212 1.1338 1.1418 1.1438 1.1475 1.1724 1.1821 1.1843 1.2102 1.6034 1.6556 1.6712 1.7734 0 0 0 0 0 0 0 0 0 0 0 0 0 0 0 0 0 0 0 0 0 0 0 0 0 0 0 0 0 0 0 0 0 0 0 0 0 0 0 0 0 0 0 0 0 0 0 0 0 0 0 0 0 0 0 0 0 0 0 0 0 0 0 0 0 0 0 0 0 0 0 0 0 0 0 0 0 0 0 0 0 0 0 0 0 0 0 0 0 0 0
51 0.4406 0.4608 0.5112 0.5361 0.5971 0.6093 0.6536 0.7862 0.8591 0.9019 0.9295 0.953 0.9779 0.9823 1.0042 1.0133 1.0304 1.0429 1.0481 1.0615 1.0725 1.0745 1.0932 1.0951 1.0962 1.1016 1.1042 1.1143 1.1175 1.1274 1.1322 1.1339 1.1574 1.1603 1.1653 1.1725 1.1766 1.1891 1.1915 1.1929 1.314 1.4451 1.4973 1.5313 1.5799 1.5892 1.6205 1.6351 1.6667 1.674 1.7234 0 0 0 0 0 0 0 0 0 0 0 0 0 0 0 0 0 0 0 0 0 0 0 0 0 0 0 0 0 0 0 0 0 0 0 0 0 0 0 0 0 0 0 0 0 0 0 0 0 0 0 0 0 0 0 0 0 0 0 0 0
31 0.0014 0.6505 0.6988 0.781 0.8358 0.8879 1.0271 1.1005 1.1334 1.1672 1.1787 1.1962 1.2023 1.2142 1.2232 1.2262 1.242 1.2564 1.2667 1.2895 1.3039 1.3052 1.3122 1.4186 1.5864 1.6297 1.6511 1.6959 1.7518 1.7864 1.8227 0 0 0 0 0 0 0 0 0 0 0 0 0 0 0 0 0 0 0 0 0 0 0 0 0 0 0 0 0 0 0 0 0 0 0 0 0 0 0 0 0 0 0 0 0 0 0 0 0 0 0 0 0 0 0 0 0 0 0 0 0 0 0 0 0 0 0 0 0 0 0 0 0 0 0 0 0 0 0 0 0
24 0.593 0.643 0.7017 0.7154 0.8128 0.8801 0.9716 1.0106 1.0214 1.0505 1.0676 1.077 1.0933 1.123 1.1377 1.1397 1.1749 1.182 1.1845 1.2155 1.2183 1.6222 1.7548 1.7957 0 0 0 0 0 0 0 0 0 0 0 0 0 0 0 0 0 0 0 0 0 0 0 0 0 0 0 0 0 0 0 0 0 0 0 0 0 0 0 0 0 0 0 0 0 0 0 0 0 0 0 0 0 0 0 0 0 0 0 0 0 0 0 0 0 0 0 0 0 0 0 0 0 0 0 0 0 0 0 0 0 0 0 0 0 0 0 0
12 0.0014 0.9039 0.9653 1.017 1.0487 1.0727 1.1118 1.1517 1.1545 1.4919 1.5551 1.6157 0 0 0 0 0 0 0 0 0 0 0 0 0 0 0 0 0 0 0 0 0 0 0 0 0 0 0 0 0 0 0 0 0 0 0 0 0 0 0 0 0 0 0 0 0 0 0 0 0 0 0 0 0 0 0 0 0 0 0 0 0 0 0 0 0 0 0 0 0 0 0 0 0 0 0 0 0 0 0 0 0 0 0 0 0 0 0 0 0 0 0 0 0 0 0 0 0 0 0 0
27 0.6126 0.6588 0.9343 0.936 1.0096 1.0293 1.0425 1.0634 1.0686 1.1035 1.1198 1.1337 1.1374 1.1587 1.1644 1.1846 1.1897 1.2009 1.2524 1.5343 1.5653 1.5998 1.6273 1.64 1.6712 1.6986 1.7509 0 0 0 0 0 0 0 0 0 0 0 0 0 0 0 0 0 0 0 0 0 0 0 0 0 0 0 0 0 0 0 0 0 0 0 0 0 0 0 0 0 0 0 0 0 0 0 0 0 0 0 0 0 0 0 0 0 0 0 0 0 0 0 0 0 0 0 0 0 0 0 0 0 0 0 0 0 0 0 0 0 0 0 0 0
37 0.692 0.8246 0.9021 0.9557 0.9956 1.0227 1.041 1.0652 1.0844 1.1299 1.1462 1.1498 1.1762 1.1796 1.1829 1.1848 1.1945 1.1972 1.2001 1.2121 1.2426 1.2811 1.5446 1.5636 1.6396 1.6659 1.6678 1.6774 1.6832 1.6854 1.7257 1.7315 1.7381 1.7726 1.7982 1.8108 1.8275 0 0 0 0 0 0 0 0 0 0 0 0 0 0 0 0 0 0 0 0 0 0 0 0 0 0 0 0 0 0 0 0 0 0 0 0 0 0 0 0 0 0 0 0 0 0 0 0 0 0 0 0 0 0 0 0 0 0 0 0 0 0 0 0 0 0 0 0 0 0 0 0 0 0 0
52 0.0932 0.6144 0.6252 0.6597 0.6798 0.7097 0.7562 0.7966 0.8916 0.9339 0.987 1.0118 1.0356 1.0531 1.0544 1.0748 1.1035 1.106 1.1229 1.1333 1.1372 1.141 1.1623 1.1739 1.1831 1.2001 1.202 1.2039 1.3396 1.3759 1.4035 1.4433 1.4679 1.4807 1.4998 1.5258 1.5277 1.5348 1.5543 1.5702 1.5764 1.5936 1.6092 1.6358 1.6455 1.6544 1.6571 1.6823 1.7144 1.7251 1.7275 1.7839 0 0 0 0 0 0 0 0 0 0 0 0 0 0 0 0 0 0 0 0 0 0 0 0 0 0 0 0 0 0 0 0 0 0 0 0 0 0 0 0 0 0 0 0 0 0 0 0 0 0 0 0 0 0 0 0 0 0 0 0
50 0.0015 0.0531 0.0859 0.5945 0.6245 0.6492 0.6522 0.6866 0.7075 0.7103 0.7436 0.8098 0.8707 0.9456 0.9636 1.0226 1.0933 1.1279 1.1645 1.1661 1.2043 1.2081 1.2106 1.2266 1.2399 1.241 1.2627 1.283 1.2992 1.4034 1.4762 1.5088 1.5224 1.5316 1.563 1.5773 1.5793 1.6256 1.6273 1.6311 1.6377 1.6572 1.675 1.6993 1.7032 1.7127 1.7349 1.7375 1.7511 1.7568 0 0 0 0 0 0 0 0 0 0 0 0 0 0 0 0 0 0 0 0 0 0 0 0 0 0 0 0 0 0 0 0 0 0 0 0 0 0 0 0 0 0 0 0 0 0 0 0 0 0 0 0 0 0 0 0 0 0 0 0 0 0
27 0.5865 0.6092 0.6131 0.6388 0.642 0.6807 0.7002 0.7686 0.8133 0.8913 0.9316 1.0204 1.0823 1.1216 1.1406 1.1735 1.2164 1.2279 1.2448 1.4049 1.4785 1.5266 1.5621 1.6076 1.6587 1.675 1.7032 0 0 0 0 0 0 0 0 0 0 0 0 0 0 0 0 0 0 0 0 0 0 0 0 0 0 0 0 0 0 0 0 0 0 0 0 0 0 0 0 0 0 0 0 0 0 0 0 0 0 0 0 0 0 0 0 0 0 0 0 0 0 0 0 0 0 0 0 0 0 0 0 0 0 0 0 0 0 0 0 0 0 0 0 0
8 0.3962 0.4829 0.508 1.1762 1.1843 1.307 1.3656 1.3688 0 0 0 0 0 0 0 0 0 0 0 0 0 0 0 0 0 0 0 0 0 0 0 0 0 0 0 0 0 0 0 0 0 0 0 0 0 0 0 0 0 0 0 0 0 0 0 0 0 0 0 0 0 0 0 0 0 0 0 0 0 0 0 0 0 0 0 0 0 0 0 0 0 0 0 0 0 0 0 0 0 0 0 0 0 0 0 0 0 0 0 0 0 0 0 0 0 0 0 0 0 0 0 0
6 1.1127 1.1703 1.1963 1.2294 1.2357 1.666 0 0 0 0 0 0 0 0 0 0 0 0 0 0 0 0 0 0 0 0 0 0 0 0 0 0 0 0 0 0 0 0 0 0 0 0 0 0 0 0 0 0 0 0 0 0 0 0 0 0 0 0 0 0 0 0 0 0 0 0 0 0 0 0 0 0 0 0 0 0 0 0 0 0 0 0 0 0 0 0 0 0 0 0 0 0 0 0 0 0 0 0 0 0 0 0 0 0 0 0 0 0 0 0 0 0
6 1.2004 1.2313 1.6531 1.6925 1.7202 1.7732 0 0 0 0 0 0 0 0 0 0 0 0 0 0 0 0 0 0 0 0 0 0 0 0 0 0 0 0 0 0 0 0 0 0 0 0 0 0 0 0 0 0 0 0 0 0 0 0 0 0 0 0 0 0 0 0 0 0 0 0 0 0 0 0 0 0 0 0 0 0 0 0 0 0 0 0 0 0 0 0 0 0 0 0 0 0 0 0 0 0 0 0 0 0 0 0 0 0 0 0 0 0 0 0 0 0
16 0.6328 0.6635 0.6899 0.9783 1.026 1.0951 1.1726 1.2458 1.2826 1.2919 1.7174 1.7419 1.754 1.7938 1.8256 1.8735 0 0 0 0 0 0 0 0 0 0 0 0 0 0 0 0 0 0 0 0 0 0 0 0 0 0 0 0 0 0 0 0 0 0 0 0 0 0 0 0 0 0 0 0 0 0 0 0 0 0 0 0 0 0 0 0 0 0 0 0 0 0 0 0 0 0 0 0 0 0 0 0 0 0 0 0 0 0 0 0 0 0 0 0 0 0 0 0 0 0 0 0 0 0 0 0
22 0.0015 0.6497 0.7102 0.8705 0.9847 1.0356 1.0569 1.0629 1.0716 1.098 1.11 1.1213 1.1316 1.1357 1.1443 1.1753 1.2133 1.5488 1.5591 1.674 1.6891 1.7487 0 0 0 0 0 0 0 0 0 0 0 0 0 0 0 0 0 0 0 0 0 0 0 0 0 0 0 0 0 0 0 0 0 0 0 0 0 0 0 0 0 0 0 0 0 0 0 0 0 0 0 0 0 0 0 0 0 0 0 0 0 0 0 0 0 0 0 0 0 0 0 0 0 0 0 0 0 0 0 0 0 0 0 0 0 0 0 0 0 0
40 0.0015 0.5782 0.6089 0.6432 0.6539 0.8412 0.8884 0.9765 0.9898 1.0155 1.027 1.0397 1.0599 1.0713 1.0811 1.0903 1.0933 1.129 1.1394 1.1431 1.1607 1.1723 1.1849 1.1888 1.2099 1.2122 1.228 1.2661 1.384 1.4937 1.4983 1.5456 1.5713 1.6048 1.633 1.6955 1.718 1.7424 1.7531 1.8375 0 0 0 0 0 0 0 0 0 0 0 0 0 0 0 0 0 0 0 0 0 0 0 0 0 0 0 0 0 0 0 0 0 0 0 0 0 0 0 0 0 0 0 0 0 0 0 0 0 0 0 0 0 0 0 0 0 0 0 0 0 0 0 0 0 0 0 0 0 0 0 0
17 0.0014 0.4222 0.6595 0.7179 0.8805 1.0383 1.0853 1.0957 1.127 1.1496 1.1655 1.1753 1.1765 1.3359 1.4581 1.7061 1.7632 0 0 0 0 0 0 0 0 0 0 0 0 0 0 0 0 0 0 0 0 0 0 0 0 0 0 0 0 0 0 0 0 0 0 0 0 0 0 0 0 0 0 0 0 0 0 0 0 0 0 0 0 0 0 0 0 0 0 0 0 0 0 0 0 0 0 0 0 0 0 0 0 0 0 0 0 0 0 0 0 0 0 0 0 0 0 0 0 0 0 0 0 0 0 0
16 0.0015 0.4991 0.5181 0.6113 0.886 1.1611 1.2295 1.2478 1.27 1.2762 1.6624 1.6973 1.7082 1.711 1.7429 1.7832 0 0 0 0 0 0 0 0 0 0 0 0 0 0 0 0 0 0 0 0 0 0 0 0 0 0 0 0 0 0 0 0 0 0 0 0 0 0 0 0 0 0 0 0 0 0 0 0 0 0 0 0 0 0 0 0 0 0 0 0 0 0 0 0 0 0 0 0 0 0 0 0 0 0 0 0 0 0 0 0 0 0 0 0 0 0 0 0 0 0 0 0 0 0 0 0
45 0.5993 0.6087 0.6268 0.6427 0.6456 0.663 0.6822 0.7671 0.8198 0.8617 0.9103 0.9943 1.109 1.1192 1.1654 1.1746 1.2095 1.2409 1.2501 1.2523 1.2623 1.3163 1.3187 1.3248 1.3763 1.4118 1.4697 1.5267 1.5856 1.6154 1.6345 1.637 1.6445 1.683 1.6989 1.7015 1.7248 1.7352 1.7595 1.7633 1.7856 1.8131 1.8162 1.8234 1.9031 0 0 0 0 0 0 0 0 0 0 0 0 0 0 0 0 0 0 0 0 0 0 0 0 0 0 0 0 0 0 0 0 0 0 0 0 0 0 0 0 0 0 0 0 0 0 0 0 0 0 0 0 0 0 0 0 0 0 0 0 0 0 0 0 0 0 0
5 0.0729 1.154 1.1755 1.204 1.2359 0 0 0 0 0 0 0 0 0 0 0 0 0 0 0 0 0 0 0 0 0 0 0 0 0 0 0 0 0 0 0 0 0 0 0 0 0 0 0 0 0 0 0 0 0 0 0 0 0 0 0 0 0 0 0 0 0 0 0 0 0 0 0 0 0 0 0 0 0 0 0 0 0 0 0 0 0 0 0 0 0 0 0 0 0 0 0 0 0 0 0 0 0 0 0 0 0 0 0 0 0 0 0 0 0 0 0
16 0.0015 0.259 1.0136 1.0619 1.0785 1.1061 1.112 1.1547 1.1595 1.1809 1.2279 1.2389 1.2514 1.2596 1.2635 1.2922 0 0 0 0 0 0 0 0 0 0 0 0 0 0 0 0 0 0 0 0 0 0 0 0 0 0 0 0 0 0 0 0 0 0 0 0 0 0 0 0 0 0 0 0 0 0 0 0 0 0 0 0 0 0 0 0 0 0 0 0 0 0 0 0 0 0 0 0 0 0 0 0 0 0 0 0 0 0 0 0 0 0 0 0 0 0 0 0 0 0 0 0 0 0 0 0
57 0.0538 0.3889 0.4509 0.5977 0.606 0.6103 0.6362 0.6714 0.7029 0.7223 0.7938 0.8832 0.9548 0.9642 0.9736 0.9967 1.0179 1.0533 1.0572 1.064 1.0745 1.0807 1.0872 1.1257 1.1401 1.1513 1.1561 1.1672 1.1707 1.176 1.1852 1.1945 1.1965 1.2144 1.2202 1.2225 1.2374 1.3809 1.4776 1.5235 1.5587 1.5684 1.5709 1.5771 1.6034 1.6157 1.6253 1.6429 1.6577 1.6926 1.7042 1.7148 1.736 1.7403 1.7489 1.7712 1.7913 0 0 0 0 0 0 0 0 0 0 0 0 0 0 0 0 0 0 0 0 0 0 0 0 0 0 0 0 0 0 0 0 0 0 0 0 0 0 0 0 0 0 0 0 0 0 0 0 0 0 0 0 0 0 0
60 0.6834 0.7091 0.7138 0.7524 0.768 0.791 0.7999 0.8442 0.8559 0.9007 0.9179 0.9757 1.0209 1.0653 1.0808 1.0916 1.129 1.1497 1.1534 1.1653 1.1776 1.1787 1.2042 1.2086 1.2223 1.2354 1.2467 1.2488 1.2632 1.277 1.2784 1.2799 1.2838 1.2856 1.2984 1.3175 1.3205 1.336 1.34 1.45 1.4704 1.5193 1.5386 1.549 1.5947 1.6258 1.6354 1.6489 1.6697 1.6765 1.7118 1.7219 1.7249 1.7313 1.7324 1.7438 1.7657 1.7989 1.8062 1.844 0 0 0 0 0 0 0 0 0 0 0 0 0 0 0 0 0 0 0 0 0 0 0 0 0 0 0 0 0 0 0 0 0 0 0 0 0 0 0 0 0 0 0 0 0 0 0 0 0 0 0 0
35 0.6094 0.6524 0.7277 0.786 0.8738 0.9441 1.0046 1.0462 1.0481 1.0788 1.103 1.1197 1.1282 1.172 1.1821 1.2035 1.2337 1.2523 1.2724 1.3008 1.3221 1.3378 1.3848 1.4428 1.5247 1.6349 1.6837 1.6861 1.6954 1.7264 1.7647 1.7789 1.8173 1.8564 1.8982 0 0 0 0 0 0 0 0 0 0 0 0 0 0 0 0 0 0 0 0 0 0 0 0 0 0 0 0 0 0 0 0 0 0 0 0 0 0 0 0 0 0 0 0 0 0 0 0 0 0 0 0 0 0 0 0 0 0 0 0 0 0 0 0 0 0 0 0 0 0 0 0 0 0 0 0 0
70 0.0014 0.5902 0.5971 0.6028 0.6407 0.6672 0.6927 0.7313 0.7598 0.827 0.8685 0.9063 0.943 0.9844 0.992 1.0194 1.0214 1.0271 1.0513 1.0602 1.0628 1.0972 1.103 1.1143 1.1304 1.1368 1.1444 1.1477 1.1498 1.1639 1.1699 1.1733 1.1769 1.1919 1.2237 1.2251 1.2281 1.2303 1.2436 1.2577 1.2636 1.4252 1.4656 1.4669 1.4793 1.5159 1.541 1.5457 1.5735 1.5825 1.584 1.6153 1.6167 1.6217 1.6236 1.6352 1.6436 1.6533 1.6631 1.677 1.689 1.6912 1.6946 1.6988 1.7474 1.7556 1.793 1.8016 1.8118 1.8717 0 0 0 0 0 0 0 0 0 0 0 0 0 0 0 0 0 0 0 0 0 0 0 0 0 0 0 0 0 0 0 0 0 0 0 0 0 0 0 0 0 0
17 0.6679 1.1332 1.1671 1.2121 1.224 1.2422 1.2731 1.2937 1.3123 1.674 1.7558 1.7897 1.7923 1.8237 1.8524 1.894 2.0031 0 0 0 0 0 0 0 0 0 0 0 0 0 0 0 0 0 0 0 0 0 0 0 0 0 0 0 0 0 0 0 0 0 0 0 0 0 0 0 0 0 0 0 0 0 0 0 0 0 0 0 0 0 0 0 0 0 0 0 0 0 0 0 0 0 0 0 0 0 0 0 0 0 0 0 0 0 0 0 0 0 0 0 0 0 0 0 0 0 0 0 0 0 0 0
41 0.0014 0.4694 0.564 0.7711 0.8587 0.8819 0.9304 0.9548 0.966 0.9674 0.9825 0.9995 1.0203 1.0301 1.0353 1.039 1.0606 1.0701 1.0829 1.1063 1.1148 1.1595 1.163 1.4547 1.4597 1.4781 1.4914 1.4984 1.5206 1.5271 1.5368 1.5429 1.5548 1.5946 1.5959 1.6244 1.6305 1.6399 1.6484 1.6753 1.6946 0 0 0 0 0 0 0 0 0 0 0 0 0 0 0 0 0 0 0 0 0 0 0 0 0 0 0 0 0 0 0 0 0 0 0 0 0 0 0 0 0 0 0 0 0 0 0 0 0 0 0 0 0 0 0 0 0 0 0 0 0 0 0 0 0 0 0 0 0 0 0
35 0.5995 0.601 0.6267 0.6529 0.7306 0.7705 0.9321 1.0174 1.0461 1.0619 1.0987 1.1172 1.1807 1.1879 1.2022 1.2128 1.2224 1.2302 1.4107 1.4712 1.4868 1.5048 1.5138 1.5221 1.5582 1.5636 1.5956 1.6105 1.63 1.6614 1.6636 1.6785 1.682 1.7115 1.7597 0 0 0 0 0 0 0 0 0 0 0 0 0 0 0 0 0 0 0 0 0 0 0 0 0 0 0 0 0 0 0 0 0 0 0 0 0 0 0 0 0 0 0 0 0 0 0 0 0 0 0 0 0 0 0 0 0 0 0 0 0 0 0 0 0 0 0 0 0 0 0 0 0 0 0 0 0
49 0.0015 0.6171 0.6276 0.6483 0.6535 0.6796 0.684 0.7339 0.7755 0.8249 0.8694 0.972 0.9798 1.0338 1.0412 1.0808 1.097 1.1195 1.129 1.1504 1.1541 1.1661 1.1728 1.1755 1.1906 1.2063 1.2083 1.2098 1.2144 1.2203 1.28 1.3608 1.4326 1.4627 1.4718 1.5329 1.5658 1.5869 1.6003 1.6285 1.6375 1.6558 1.6577 1.6663 1.6993 1.706 1.714 1.7539 1.7719 0 0 0 0 0 0 0 0 0 0 0 0 0 0 0 0 0 0 0 0 0 0 0 0 0 0 0 0 0 0 0 0 0 0 0 0 0 0 0 0 0 0 0 0 0 0 0 0 0 0 0 0 0 0 0 0 0 0 0 0 0 0 0
31 0.0015 0.5993 0.6079 0.6245 0.6693 0.73 0.8943 1.0066 1.0732 1.093 1.104 1.1154 1.1251 1.143 1.1545 1.161 1.1731 1.2077 1.2527 1.2549 1.2616 1.2877 1.3103 1.3411 1.3525 1.3578 1.3703 1.4041 1.4262 1.6974 1.7966 0 0 0 0 0 0 0 0 0 0 0 0 0 0 0 0 0 0 0 0 0 0 0 0 0 0 0 0 0 0 0 0 0 0 0 0 0 0 0 0 0 0 0 0 0 0 0 0 0 0 0 0 0 0 0 0 0 0 0 0 0 0 0 0 0 0 0 0 0 0 0 0 0 0 0 0 0 0 0 0 0
39 0.0014 0.5916 0.6176 0.6643 0.7181 0.8522 0.9686 0.9856 1.0194 1.0417 1.0445 1.0721 1.0827 1.092 1.0954 1.1076 1.1357 1.1429 1.1478 1.2064 1.4646 1.4779 1.4985 1.5246 1.5313 1.5448 1.5663 1.5844 1.6009 1.6187 1.6344 1.6387 1.6666 1.6788 1.6945 1.7111 1.721 1.7698 1.7898 0 0 0 0 0 0 0 0 0 0 0 0 0 0 0 0 0 0 0 0 0 0 0 0 0 0 0 0 0 0 0 0 0 0 0 0 0 0 0 0 0 0 0 0 0 0 0 0 0 0 0 0 0 0 0 0 0 0 0 0 0 0 0 0 0 0 0 0 0 0 0 0 0
25 0.0015 0.6624 0.7419 0.8626 0.9216 1.017 1.0497 1.0742 1.095 1.1043 1.1237 1.1433 1.1479 1.2096 1.2198 1.2364 1.2661 1.5918 1.6261 1.6344 1.6506 1.6584 1.712 1.7312 1.7462 0 0 0 0 0 0 0 0 0 0 0 0 0 0 0 0 0 0 0 0 0 0 0 0 0 0 0 0 0 0 0 0 0 0 0 0 0 0 0 0 0 0 0 0 0 0 0 0 0 0 0 0 0 0 0 0 0 0 0 0 0 0 0 0 0 0 0 0 0 0 0 0 0 0 0 0 0 0 0 0 0 0 0 0 0 0 0
58 0.0015 0.452 0.5545 0.601 0.618 0.6276 0.6382 0.6485 0.7135 0.729 0.7865 0.8214 0.8654 0.8925 0.9272 0.9339 0.9535 0.9583 0.9641 0.9853 1.0018 1.0119 1.0208 1.0449 1.0531 1.0665 1.0689 1.076 1.0803 1.0895 1.1019 1.1237 1.1252 1.1278 1.1341 1.1473 1.1531 1.1648 1.1827 1.2057 1.223 1.2573 1.4506 1.4748 1.5142 1.5201 1.5268 1.5374 1.5391 1.5779 1.5841 1.6569 1.6909 1.7064 1.7257 1.7583 1.7706 1.8115 0 0 0 0 0 0 0 0 0 0 0 0 0 0 0 0 0 0 0 0 0 0 0 0 0 0 0 0 0 0 0 0 0 0 0 0 0 0 0 0 0 0 0 0 0 0 0 0 0 0 0 0 0 0
15 1.0315 1.144 1.1751 1.2003 1.2141 1.2395 1.2681 1.2732 1.2831 1.3089 1.6041 1.6313 1.6375 1.6711 1.6857 0 0 0 0 0 0 0 0 0 0 0 0 0 0 0 0 0 0 0 0 0 0 0 0 0 0 0 0 0 0 0 0 0 0 0 0 0 0 0 0 0 0 0 0 0 0 0 0 0 0 0 0 0 0 0 0 0 0 0 0 0 0 0 0 0 0 0 0 0 0 0 0 0 0 0 0 0 0 0 0 0 0 0 0 0 0 0 0 0 0 0 0 0 0 0 0 0
34 0.0014 0.5169 0.9018 0.9281 0.9669 1.004 1.0334 1.0486 1.0559 1.0815 1.0962 1.1001 1.1242 1.1309 1.1463 1.1696 1.1814 1.1846 1.5304 1.5584 1.5793 1.5955 1.6223 1.6304 1.6459 1.6545 1.6677 1.6787 1.6994 1.7068 1.7212 1.7285 1.7382 1.7662 0 0 0 0 0 0 0 0 0 0 0 0 0 0 0 0 0 0 0 0 0 0 0 0 0 0 0 0 0 0 0 0 0 0 0 0 0 0 0 0 0 0 0 0 0 0 0 0 0 0 0 0 0 0 0 0 0 0 0 0 0 0 0 0 0 0 0 0 0 0 0 0 0 0 0 0 0 0
27 0.0015 0.5629 0.9633 1.0221 1.0463 1.0587 1.06 1.0835 1.1175 1.1415 1.1445 1.1725 1.1806 1.183 1.1871 1.1906 1.1939 1.2252 1.2348 1.535 1.5437 1.581 1.5933 1.6093 1.6107 1.6538 1.7348 0 0 0 0 0 0 0 0 0 0 0 0 0 0 0 0 0 0 0 0 0 0 0 0 0 0 0 0 0 0 0 0 0 0 0 0 0 0 0 0 0 0 0 0 0 0 0 0 0 0 0 0 0 0 0 0 0 0 0 0 0 0 0 0 0 0 0 0 0 0 0 0 0 0 0 0 0 0 0 0 0 0 0 0 0
20 0.0015 0.5172 0.6294 0.6675 0.698 0.9244 1.1047 1.1363 1.1609 1.1879 1.1922 1.2125 1.2708 1.6851 1.728 1.7301 1.7378 1.7733 1.8352 1.8898 0 0 0 0 0 0 0 0 0 0 0 0 0 0 0 0 0 0 0 0 0 0 0 0 0 0 0 0 0 0 0 0 0 0 0 0 0 0 0 0 0 0 0 0 0 0 0 0 0 0 0 0 0 0 0 0 0 0 0 0 0 0 0 0 0 0 0 0 0 0 0 0 0 0 0 0 0 0 0 0 0 0 0 0 0 0 0 0 0 0 0 0
22 0.6161 0.6345 0.6543 0.662 0.6904 0.7295 0.7691 0.8091 0.8732 0.8967 0.9007 1.2092 1.2427 1.2682 1.2796 1.3212 1.481 1.6013 1.6756 1.687 1.7285 1.8077 0 0 0 0 0 0 0 0 0 0 0 0 0 0 0 0 0 0 0 0 0 0 0 0 0 0 0 0 0 0 0 0 0 0 0 0 0 0 0 0 0 0 0 0 0 0 0 0 0 0 0 0 0 0 0 0 0 0 0 0 0 0 0 0 0 0 0 0 0 0 0 0 0 0 0 0 0 0 0 0 0 0 0 0 0 0 0 0 0 0
51 0.6196 0.6468 0.6709 0.6828 0.729 0.7698 0.8526 0.8976 0.9281 0.983 1.0361 1.052 1.0547 1.087 1.0942 1.1125 1.1191 1.1238 1.1342 1.1524 1.1613 1.1663 1.1899 1.195 1.1983 1.2001 1.2018 1.2182 1.2379 1.253 1.3716 1.5114 1.5229 1.54 1.5629 1.5662 1.5712 1.5731 1.5872 1.5989 1.61 1.6141 1.6486 1.6619 1.6779 1.6956 1.7114 1.7144 1.7482 1.7715 1.7838 0 0 0 0 0 0 0 0 0 0 0 0 0 0 0 0 0 0 0 0 0 0 0 0 0 0 0 0 0 0 0 0 0 0 0 0 0 0 0 0 0 0 0 0 0 0 0 0 0 0 0 0 0 0 0 0 0 0 0 0 0
39 0.0015 0.3414 0.5822 0.6189 0.6538 0.7168 0.8154 0.9232 0.9577 0.9807 0.9913 1.01 1.0376 1.0478 1.0884 1.1028 1.1101 1.1116 1.1442 1.1492 1.1662 1.1709 1.1851 1.1913 1.4206 1.4283 1.4343 1.444 1.4994 1.5207 1.5336 1.5539 1.5728 1.5813 1.5884 1.5932 1.5986 1.6334 1.6798 0 0 0 0 0 0 0 0 0 0 0 0 0 0 0 0 0 0 0 0 0 0 0 0 0 0 0 0 0 0 0 0 0 0 0 0 0 0 0 0 0 0 0 0 0 0 0 0 0 0 0 0 0 0 0 0 0 0 0 0 0 0 0 0 0 0 0 0 0 0 0 0 0
35 0.3984 0.4887 0.5385 0.7734 0.9089 0.9644 1.0259 1.0511 1.0748 1.0909 1.0953 1.0976 1.1087 1.1211 1.1268 1.1456 1.1561 1.1657 1.1681 1.1775 1.1928 1.1958 1.1981 1.1992 1.2307 1.5612 1.567 1.5899 1.6042 1.6401 1.6534 1.6792 1.7089 1.7137 1.7886 0 0 0 0 0 0 0 0 0 0 0 0 0 0 0 0 0 0 0 0 0 0 0 0 0 0 0 0 0 0 0 0 0 0 0 0 0 0 0 0 0 0 0 0 0 0 0 0 0 0 0 0 0 0 0 0 0 0 0 0 0 0 0 0 0 0 0 0 0 0 0 0 0 0 0 0 0
69 0.0015 0.5091 0.5823 0.5893 0.6135 0.6351 0.6408 0.6473 0.6499 0.6955 0.7487 0.7584 0.8317 0.8716 0.9196 0.9503 0.9551 0.9699 0.9993 1.0024 1.015 1.0274 1.0436 1.0508 1.0693 1.0713 1.0853 1.0921 1.0965 1.1006 1.1054 1.1223 1.1254 1.1273 1.1443 1.1531 1.1557 1.1606 1.17 1.174 1.1869 1.1901 1.2164 1.2379 1.2611 1.3367 1.428 1.4858 1.4947 1.5159 1.517 1.519 1.5553 1.5736 1.596 1.6096 1.6289 1.6382 1.6422 1.6509 1.6732 1.6802 1.6872 1.7018 1.7072 1.718 1.74 1.7643 1.7827 0 0 0 0 0 0 0 0 0 0 0 0 0 0 0 0 0 0 0 0 0 0 0 0 0 0 0 0 0 0 0 0 0 0 0 0 0 0 0 0 0 0 0
65 0.0015 0.5824 0.5839 0.6147 0.6549 0.6693 0.6938 0.7507 0.8058 0.8125 0.8229 0.8638 0.9223 0.9324 0.9761 0.9998 1.0685 1.071 1.1191 1.1269 1.1543 1.1745 1.1933 1.2114 1.228 1.2459 1.2494 1.2562 1.2643 1.2819 1.2844 1.302 1.3195 1.3219 1.3466 1.3492 1.3527 1.3549 1.3678 1.3911 1.3978 1.4062 1.4133 1.4566 1.5233 1.5952 1.64 1.6518 1.6731 1.6821 1.7 1.7117 1.7262 1.7428 1.7474 1.7753 1.7784 1.7886 1.8113 1.8225 1.8297 1.8413 1.8661 1.8835 1.976 0 0 0 0 0 0 0 0 0 0 0 0 0 0 0 0 0 0 0 0 0 0 0 0 0 0 0 0 0 0 0 0 0 0 0 0 0 0 0 0 0 0 0 0 0 0 0
26 0.0015 0.6354 0.6569 0.7269 0.8195 0.9066 0.9744 1.0193 1.0571 1.094 1.1035 1.1144 1.122 1.1362 1.1507 1.1722 1.2199 1.223 1.2673 1.3199 1.3507 1.5826 1.6234 1.6675 1.7003 1.7524 0 0 0 0 0 0 0 0 0 0 0 0 0 0 0 0 0 0 0 0 0 0 0 0 0 0 0 0 0 0 0 0 0 0 0 0 0 0 0 0 0 0 0 0 0 0 0 0 0 0 0 0 0 0 0 0 0 0 0 0 0 0 0 0 0 0 0 0 0 0 0 0 0 0 0 0 0 0 0 0 0 0 0 0 0 0
55 0.0015 0.628 0.6578 0.6634 0.6954 0.7293 0.7412 0.765 0.7826 0.8118 0.8464 0.9445 0.9711 1.0148 1.0269 1.0445 1.0627 1.072 1.0879 1.0992 1.1085 1.1231 1.1409 1.1598 1.1633 1.1755 1.1886 1.1997 1.2305 1.2412 1.2444 1.2716 1.2786 1.2824 1.318 1.3645 1.4284 1.5044 1.5395 1.5717 1.5936 1.6047 1.6222 1.6466 1.655 1.6803 1.6861 1.6899 1.7287 1.7327 1.7394 1.7554 1.7676 1.806 1.8466 0 0 0 0 0 0 0 0 0 0 0 0 0 0 0 0 0 0 0 0 0 0 0 0 0 0 0 0 0 0 0 0 0 0 0 0 0 0 0 0 0 0 0 0 0 0 0 0 0 0 0 0 0 0 0 0 0
33 0.1999 0.487 0.6084 0.8547 0.9951 1.0505 1.0805 1.0861 1.0915 1.1141 1.1162 1.1304 1.136 1.153 1.1621 1.1859 1.2018 1.223 1.2505 1.3042 1.356 1.3844 1.4127 1.4223 1.4665 1.507 1.5283 1.5403 1.5825 1.6018 1.6601 1.717 1.7594 0 0 0 0 0 0 0 0 0 0 0 0 0 0 0 0 0 0 0 0 0 0 0 0 0 0 0 0 0 0 0 0 0 0 0 0 0 0 0 0 0 0 0 0 0 0 0 0 0 0 0 0 0 0 0 0 0 0 0 0 0 0 0 0 0 0 0 0 0 0 0 0 0 0 0 0 0 0 0
22 0.9858 1.0954 1.1251 1.1552 1.171 1.1855 1.2061 1.2136 1.2316 1.2471 1.2571 1.2697 1.2871 1.5754 1.626 1.6629 1.7107 1.7163 1.7363 1.7631 1.7754 1.825 0 0 0 0 0 0 0 0 0 0 0 0 0 0 0 0 0 0 0 0 0 0 0 0 0 0 0 0 0 0 0 0 0 0 0 0 0 0 0 0 0 0 0 0 0 0 0 0 0 0 0 0 0 0 0 0 0 0 0 0 0 0 0 0 0 0 0 0 0 0 0 0 0 0 0 0 0 0 0 0 0 0 0 0 0 0 0 0 0 0
57 0.0015 0.583 0.6473 0.6888 0.7507 0.8527 0.9094 0.957 0.9803 0.9849 1.0218 1.0575 1.0701 1.08 1.086 1.0958 1.1106 1.1205 1.1343 1.1413 1.1457 1.1529 1.1577 1.1751 1.1774 1.1845 1.1867 1.2056 1.2235 1.2324 1.236 1.2424 1.2472 1.2502 1.2559 1.2585 1.2702 1.2777 1.28 1.2818 1.3023 1.4276 1.4855 1.4958 1.5239 1.557 1.6103 1.6343 1.6504 1.653 1.6726 1.72 1.7295 1.7474 1.7681 1.7803 1.7989 0 0 0 0 0 0 0 0 0 0 0 0 0 0 0 0 0 0 0 0 0 0 0 0 0 0 0 0 0 0 0 0 0 0 0 0 0 0 0 0 0 0 0 0 0 0 0 0 0 0 0 0 0 0 0
24 0.5984 0.6258 0.6341 0.6657 0.7092 0.7622 0.7941 0.8684 0.9245 1.0778 1.1293 1.1653 1.1788 1.2257 1.3498 1.5225 1.5674 1.5832 1.6256 1.637 1.6667 1.7063 1.7522 1.7913 0 0 0 0 0 0 0 0 0 0 0 0 0 0 0 0 0 0 0 0 0 0 0 0 0 0 0 0 0 0 0 0 0 0 0 0 0 0 0 0 0 0 0 0 0 0 0 0 0 0 0 0 0 0 0 0 0 0 0 0 0 0 0 0 0 0 0 0 0 0 0 0 0 0 0 0 0 0 0 0 0 0 0 0 0 0 0 0
66 0.0015 0.5895 0.6245 0.6388 0.6497 0.655 0.6793 0.7487 0.8195 0.8756 0.9271 0.9606 0.9834 0.9859 1.0035 1.0305 1.0319 1.0362 1.0536 1.0658 1.0697 1.0847 1.0858 1.1042 1.1112 1.1381 1.1426 1.1459 1.1487 1.1568 1.1633 1.1773 1.1796 1.1867 1.2231 1.2245 1.2267 1.2295 1.2781 1.3425 1.3671 1.4087 1.4553 1.485 1.4886 1.506 1.5232 1.5307 1.5319 1.5365 1.5604 1.5687 1.5702 1.5862 1.5945 1.604 1.6166 1.619 1.6219 1.6252 1.6428 1.6896 1.7069 1.7245 1.7348 1.7574 0 0 0 0 0 0 0 0 0 0 0 0 0 0 0 0 0 0 0 0 0 0 0 0 0 0 0 0 0 0 0 0 0 0 0 0 0 0 0 0 0 0 0 0 0 0
49 0.0015 0.6414 0.6522 0.6548 0.6658 0.6945 0.7279 0.7597 0.7928 0.8712 0.8949 0.9117 0.9851 0.992 1.0248 1.0497 1.0676 1.0804 1.1059 1.1191 1.1378 1.1421 1.1491 1.1534 1.1556 1.1746 1.1763 1.1878 1.1891 1.1941 1.214 1.2199 1.2402 1.2489 1.2543 1.2752 1.2788 1.532 1.5696 1.5928 1.6134 1.639 1.6664 1.6821 1.6998 1.7137 1.7246 1.7784 1.8038 0 0 0 0 0 0 0 0 0 0 0 0 0 0 0 0 0 0 0 0 0 0 0 0 0 0 0 0 0 0 0 0 0 0 0 0 0 0 0 0 0 0 0 0 0 0 0 0 0 0 0 0 0 0 0 0 0 0 0 0 0 0 0
48 0.6314 0.7848 0.8949 0.9289 0.9605 0.9699 0.9806 1.0096 1.0237 1.0279 1.0424 1.0453 1.0721 1.0762 1.0876 1.1023 1.1051 1.1153 1.1207 1.1232 1.1387 1.1411 1.1436 1.1461 1.1597 1.1668 1.1722 1.1851 1.187 1.203 1.2143 1.2521 1.3073 1.3681 1.3713 1.398 1.4389 1.4595 1.4949 1.5175 1.5299 1.5581 1.5765 1.598 1.611 1.6502 1.7359 1.7729 0 0 0 0 0 0 0 0 0 0 0 0 0 0 0 0 0 0 0 0 0 0 0 0 0 0 0 0 0 0 0 0 0 0 0 0 0 0 0 0 0 0 0 0 0 0 0 0 0 0 0 0 0 0 0 0 0 0 0 0 0 0 0 0
15 0.0827 0.1375 0.6403 1.1529 1.1793 1.2143 1.2322 1.5752 1.5822 1.6223 1.6471 1.651 1.6821 1.7053 1.7337 0 0 0 0 0 0 0 0 0 0 0 0 0 0 0 0 0 0 0 0 0 0 0 0 0 0 0 0 0 0 0 0 0 0 0 0 0 0 0 0 0 0 0 0 0 0 0 0 0 0 0 0 0 0 0 0 0 0 0 0 0 0 0 0 0 0 0 0 0 0 0 0 0 0 0 0 0 0 0 0 0 0 0 0 0 0 0 0 0 0 0 0 0 0 0 0 0
72 0.0457 0.1777 0.3958 0.4834 0.5816 0.5914 0.6344 0.6501 0.6693 0.7118 0.7512 0.7813 0.8094 0.8569 0.9134 0.9602 0.9827 1.0161 1.0283 1.0366 1.0625 1.0715 1.0744 1.0936 1.0957 1.111 1.1169 1.1379 1.1402 1.1449 1.1526 1.1578 1.1771 1.1839 1.186 1.1887 1.1967 1.1997 1.2215 1.2292 1.243 1.2673 1.3495 1.4249 1.4682 1.4863 1.4945 1.5122 1.5329 1.5376 1.5585 1.5676 1.57 1.5737 1.5846 1.6094 1.621 1.6226 1.6257 1.6282 1.6436 1.6496 1.6731 1.6769 1.6973 1.7101 1.7111 1.7178 1.7548 1.7692 1.7752 1.7936 0 0 0 0 0 0 0 0 0 0 0 0 0 0 0 0 0 0 0 0 0 0 0 0 0 0 0 0 0 0 0 0 0 0 0 0 0 0 0 0
26 0.6121 0.8016 1.0307 1.0406 1.0689 1.0945 1.1017 1.1135 1.1426 1.1546 1.1657 1.1737 1.1992 1.2215 1.2303 1.2351 1.2513 1.2524 1.2665 1.2771 1.2874 1.2939 1.6059 1.6948 1.7126 1.7197 0 0 0 0 0 0 0 0 0 0 0 0 0 0 0 0 0 0 0 0 0 0 0 0 0 0 0 0 0 0 0 0 0 0 0 0 0 0 0 0 0 0 0 0 0 0 0 0 0 0 0 0 0 0 0 0 0 0 0 0 0 0 0 0 0 0 0 0 0 0 0 0 0 0 0 0 0 0 0 0 0 0 0 0 0 0
53 0.0222 0.5078 0.5524 0.5754 0.6149 0.6603 0.734 0.8044 0.8489 0.9335 0.9744 1.0428 1.0493 1.0645 1.0717 1.0862 1.1326 1.139 1.147 1.157 1.168 1.1804 1.1894 1.1932 1.2032 1.212 1.237 1.2947 1.3341 1.4066 1.4122 1.4681 1.4714 1.4799 1.4946 1.5008 1.5043 1.5152 1.5193 1.5267 1.5281 1.5359 1.547 1.5631 1.5734 1.5758 1.5857 1.5928 1.596 1.6534 1.6636 1.74 1.7604 0 0 0 0 0 0 0 0 0 0 0 0 0 0 0 0 0 0 0 0 0 0 0 0 0 0 0 0 0 0 0 0 0 0 0 0 0 0 0 0 0 0 0 0 0 0 0 0 0 0 0 0 0 0 0 0 0 0 0
18 0.0014 0.6685 0.7111 1.1795 1.2053 1.2543 1.544 1.5765 1.5912 1.6237 1.6408 1.6584 1.6733 1.6987 1.7003 1.7311 1.775 1.7919 0 0 0 0 0 0 0 0 0 0 0 0 0 0 0 0 0 0 0 0 0 0 0 0 0 0 0 0 0 0 0 0 0 0 0 0 0 0 0 0 0 0 0 0 0 0 0 0 0 0 0 0 0 0 0 0 0 0 0 0 0 0 0 0 0 0 0 0 0 0 0 0 0 0 0 0 0 0 0 0 0 0 0 0 0 0 0 0 0 0 0 0 0 0
28 0.0015 0.5422 0.5824 0.6468 0.7318 0.88 0.9922 1.0336 1.0346 1.079 1.0955 1.0967 1.1106 1.1343 1.1606 1.1792 1.1841 1.219 1.5487 1.5952 1.6082 1.6349 1.6491 1.6787 1.6993 1.7096 1.7563 1.8044 0 0 0 0 0 0 0 0 0 0 0 0 0 0 0 0 0 0 0 0 0 0 0 0 0 0 0 0 0 0 0 0 0 0 0 0 0 0 0 0 0 0 0 0 0 0 0 0 0 0 0 0 0 0 0 0 0 0 0 0 0 0 0 0 0 0 0 0 0 0 0 0 0 0 0 0 0 0 0 0 0 0 0 0
82 0.4544 0.5501 0.576 0.5912 0.6011 0.6253 0.6602 0.7296 0.7565 0.838 0.8775 0.8804 0.9091 0.9175 0.9212 0.9433 0.9691 0.9728 0.9837 1.0002 1.0137 1.0288 1.0302 1.0389 1.0432 1.0523 1.063 1.07 1.0757 1.0771 1.0817 1.0909 1.097 1.1057 1.108 1.1106 1.1122 1.1211 1.1293 1.1314 1.1331 1.1344 1.1357 1.1376 1.1513 1.1633 1.168 1.1703 1.1819 1.1855 1.1881 1.1906 1.194 1.1985 1.2271 1.2345 1.2565 1.2754 1.3903 1.4504 1.4605 1.4943 1.4993 1.5082 1.5144 1.5365 1.5416 1.5427 1.5639 1.5749 1.5923 1.5955 1.6224 1.632 1.6543 1.6582 1.663 1.683 1.6883 1.6974 1.7228 1.7701 0 0 0 0 0 0 0 0 0 0 0 0 0 0 0 0 0 0 0 0 0 0 0 0 0 0 0 0 0 0
43 0.5655 0.5855 0.614 0.6301 0.6586 0.7081 0.7651 0.8379 0.9097 0.9656 0.9873 1.0031 1.03 1.0341 1.043 1.0626 1.0662 1.0849 1.0912 1.0951 1.0993 1.1069 1.1093 1.1163 1.1357 1.143 1.1453 1.152 1.1536 1.1799 1.182 1.3265 1.3883 1.4063 1.48 1.536 1.5591 1.5782 1.5925 1.5993 1.633 1.7018 1.739 0 0 0 0 0 0 0 0 0 0 0 0 0 0 0 0 0 0 0 0 0 0 0 0 0 0 0 0 0 0 0 0 0 0 0 0 0 0 0 0 0 0 0 0 0 0 0 0 0 0 0 0 0 0 0 0 0 0 0 0 0 0 0 0 0 0 0 0 0
43 0.6118 0.6259 0.6613 0.8743 0.9051 0.9363 0.9522 0.9718 0.9909 1.0279 1.0293 1.0374 1.0584 1.0624 1.0957 1.0989 1.1125 1.1155 1.1251 1.1275 1.1296 1.148 1.1618 1.1632 1.181 1.1932 1.1958 1.2363 1.3588 1.428 1.4883 1.5569 1.5692 1.5914 1.5989 1.6144 1.6276 1.6347 1.645 1.6648 1.6732 1.6838 1.7234 0 0 0 0 0 0 0 0 0 0 0 0 0 0 0 0 0 0 0 0 0 0 0 0 0 0 0 0 0 0 0 0 0 0 0 0 0 0 0 0 0 0 0 0 0 0 0 0 0 0 0 0 0 0 0 0 0 0 0 0 0 0 0 0 0 0 0 0 0
63 0.564 0.5872 0.6199 0.6336 0.7223 0.8629 0.9375 0.9664 0.9722 0.9845 1.0073 1.0249 1.0313 1.0479 1.0508 1.0628 1.0673 1.0707 1.0833 1.0874 1.0912 1.0958 1.0979 1.1034 1.1059 1.108 1.1168 1.1354 1.1444 1.1611 1.1645 1.1748 1.181 1.1912 1.1935 1.2006 1.2141 1.226 1.2287 1.2433 1.2639 1.2682 1.2705 1.2749 1.3427 1.4021 1.4413 1.4619 1.471 1.5122 1.5218 1.5611 1.5642 1.5925 1.6068 1.6206 1.6394 1.6461 1.6733 1.683 1.7088 1.7545 1.7779 0 0 0 0 0 0 0 0 0 0 0 0 0 0 0 0 0 0 0 0 0 0 0 0 0 0 0 0 0 0 0 0 0 0 0 0 0 0 0 0 0 0 0 0 0 0 0 0 0
37 0.5985 0.7752 0.9766 0.9806 1.0323 1.0544 1.0801 1.0922 1.1144 1.1205 1.1394 1.1458 1.1501 1.1541 1.1659 1.1834 1.1859 1.1909 1.1937 1.2203 1.2225 1.2467 1.2595 1.2623 1.2878 1.2935 1.3036 1.4733 1.6121 1.643 1.6603 1.6764 1.7 1.7205 1.7423 1.7489 1.8089 0 0 0 0 0 0 0 0 0 0 0 0 0 0 0 0 0 0 0 0 0 0 0 0 0 0 0 0 0 0 0 0 0 0 0 0 0 0 0 0 0 0 0 0 0 0 0 0 0 0 0 0 0 0 0 0 0 0 0 0 0 0 0 0 0 0 0 0 0 0 0 0 0 0 0
61 0.0014 0.6205 0.6312 0.6434 0.6613 0.6708 0.6925 0.7416 0.792 0.794 0.8387 0.8771 0.891 0.9308 0.9376 0.9863 1.0074 1.0291 1.0374 1.0435 1.075 1.0874 1.0943 1.1134 1.1234 1.1497 1.1543 1.164 1.1652 1.1703 1.1814 1.1904 1.2031 1.2041 1.2054 1.2081 1.2228 1.2252 1.2273 1.2348 1.2523 1.2633 1.2746 1.2785 1.3006 1.3324 1.4227 1.579 1.6068 1.6109 1.6483 1.6682 1.6722 1.6836 1.6863 1.7036 1.7204 1.7423 1.7516 1.8028 1.8365 0 0 0 0 0 0 0 0 0 0 0 0 0 0 0 0 0 0 0 0 0 0 0 0 0 0 0 0 0 0 0 0 0 0 0 0 0 0 0 0 0 0 0 0 0 0 0 0 0 0 0
54 0.0015 0.5996 0.6055 0.6254 0.697 0.8323 0.9162 0.9484 0.9908 1.0135 1.0397 1.063 1.0694 1.075 1.0783 1.094 1.1079 1.1128 1.1175 1.1304 1.1434 1.153 1.1631 1.1728 1.1848 1.2014 1.2102 1.2165 1.2497 1.2876 1.3444 1.4768 1.4992 1.5297 1.554 1.5627 1.5724 1.59 1.5935 1.5968 1.5993 1.6142 1.6213 1.6539 1.6563 1.6697 1.6836 1.6873 1.7192 1.7268 1.7396 1.7484 1.7788 1.8483 0 0 0 0 0 0 0 0 0 0 0 0 0 0 0 0 0 0 0 0 0 0 0 0 0 0 0 0 0 0 0 0 0 0 0 0 0 0 0 0 0 0 0 0 0 0 0 0 0 0 0 0 0 0 0 0 0 0
67 0.1981 0.3946 0.4724 0.5701 0.589 0.6164 0.6306 0.6703 0.7332 0.7742 0.7781 0.8314 0.84 0.8609 0.9026 0.9473 0.9587 1.0208 1.0236 1.0403 1.0849 1.086 1.1179 1.1203 1.1352 1.1674 1.1737 1.1863 1.1975 1.2 1.2045 1.2201 1.2296 1.2312 1.2325 1.2353 1.246 1.2501 1.2577 1.2824 1.3165 1.3464 1.464 1.4669 1.4916 1.5089 1.5129 1.5162 1.5342 1.5358 1.5482 1.5676 1.5718 1.581 1.6017 1.6051 1.6209 1.6325 1.6482 1.6757 1.6854 1.6952 1.7184 1.7221 1.7305 1.7434 1.7974 0 0 0 0 0 0 0 0 0 0 0 0 0 0 0 0 0 0 0 0 0 0 0 0 0 0 0 0 0 0 0 0 0 0 0 0 0 0 0 0 0 0 0 0 0
20 0.5624 0.6034 0.6484 0.8318 0.9503 1.0362 1.0471 1.091 1.1255 1.1269 1.175 1.1973 1.224 1.242 1.2654 1.2746 1.6263 1.6457 1.6939 1.756 0 0 0 0 0 0 0 0 0 0 0 0 0 0 0 0 0 0 0 0 0 0 0 0 0 0 0 0 0 0 0 0 0 0 0 0 0 0 0 0 0 0 0 0 0 0 0 0 0 0 0 0 0 0 0 0 0 0 0 0 0 0 0 0 0 0 0 0 0 0 0 0 0 0 0 0 0 0 0 0 0 0 0 0 0 0 0 0 0 0 0 0
34 0.1938 0.4648 0.6527 0.7556 0.9453 1.0182 1.0318 1.0614 1.0806 1.085 1.1018 1.1189 1.124 1.137 1.1392 1.1474 1.1507 1.1534 1.1765 1.1783 1.1904 1.1932 1.1985 1.2064 1.2217 1.2309 1.2566 1.2948 1.5362 1.5544 1.6168 1.6257 1.6497 1.6889 0 0 0 0 0 0 0 0 0 0 0 0 0 0 0 0 0 0 0 0 0 0 0 0 0 0 0 0 0 0 0 0 0 0 0 0 0 0 0 0 0 0 0 0 0 0 0 0 0 0 0 0 0 0 0 0 0 0 0 0 0 0 0 0 0 0 0 0 0 0 0 0 0 0 0 0 0 0
67 0.604 0.6235 0.6314 0.6726 0.7276 0.7936 0.9357 1.0066 1.02 1.0584 1.0717 1.096 1.1051 1.1133 1.1172 1.1332 1.1407 1.1522 1.1571 1.1601 1.1639 1.1711 1.1756 1.1908 1.1936 1.1961 1.2118 1.2225 1.2297 1.2341 1.2361 1.2396 1.3276 1.38 1.4248 1.4628 1.4772 1.4956 1.5007 1.5154 1.5348 1.5443 1.5497 1.5675 1.5782 1.5858 1.5886 1.6021 1.6068 1.61 1.626 1.6271 1.6404 1.6592 1.666 1.6912 1.6993 1.7141 1.7329 1.7374 1.7522 1.7591 1.765 1.7681 1.7872 1.8006 1.8363 0 0 0 0 0 0 0 0 0 0 0 0 0 0 0 0 0 0 0 0 0 0 0 0 0 0 0 0 0 0 0 0 0 0 0 0 0 0 0 0 0 0 0 0 0
32 0.0015 0.2114 0.214 0.6581 0.865 1.0425 1.086 1.0976 1.1182 1.1301 1.142 1.1432 1.1638 1.1835 1.195 1.1975 1.2205 1.2354 1.247 1.2545 1.2637 1.2826 1.2848 1.2937 1.2973 1.3088 1.3227 1.3269 1.3423 1.6425 1.7954 2.0736 0 0 0 0 0 0 0 0 0 0 0 0 0 0 0 0 0 0 0 0 0 0 0 0 0 0 0 0 0 0 0 0 0 0 0 0 0 0 0 0 0 0 0 0 0 0 0 0 0 0 0 0 0 0 0 0 0 0 0 0 0 0 0 0 0 0 0 0 0 0 0 0 0 0 0 0 0 0 0 0
35 0.0015 0.0737 0.3567 0.6436 0.67 0.7488 0.866 0.9228 0.9998 1.0466 1.0629 1.0693 1.0938 1.1009 1.1225 1.135 1.1622 1.2045 1.304 1.3626 1.4083 1.453 1.4796 1.4831 1.5006 1.5209 1.5398 1.549 1.5639 1.6011 1.6046 1.6243 1.6343 1.6471 1.7078 0 0 0 0 0 0 0 0 0 0 0 0 0 0 0 0 0 0 0 0 0 0 0 0 0 0 0 0 0 0 0 0 0 0 0 0 0 0 0 0 0 0 0 0 0 0 0 0 0 0 0 0 0 0 0 0 0 0 0 0 0 0 0 0 0 0 0 0 0 0 0 0 0 0 0 0 0
69 0.0015 0.5845 0.6058 0.6327 0.6589 0.6938 0.7174 0.7652 0.8204 0.8868 1.0192 1.0657 1.0676 1.0741 1.0973 1.114 1.1184 1.1275 1.1455 1.1667 1.1811 1.1825 1.1836 1.19 1.1932 1.1958 1.2098 1.2196 1.2209 1.223 1.2304 1.2412 1.2525 1.26 1.2632 1.2687 1.2727 1.2772 1.2792 1.2811 1.2845 1.3003 1.3018 1.3479 1.4191 1.4523 1.4993 1.5448 1.5779 1.5864 1.6095 1.6193 1.6318 1.6425 1.6485 1.6678 1.6688 1.6714 1.694 1.6956 1.6991 1.7156 1.7283 1.7317 1.7562 1.7768 1.7843 1.8114 1.8495 0 0 0 0 0 0 0 0 0 0 0 0 0 0 0 0 0 0 0 0 0 0 0 0 0 0 0 0 0 0 0 0 0 0 0 0 0 0 0 0 0 0 0
34 0.0015 0.6216 0.6935 0.7459 0.8416 0.8862 0.9305 0.9806 1.0056 1.0094 1.0536 1.0741 1.0971 1.1042 1.1184 1.1306 1.3705 1.3991 1.412 1.4366 1.4659 1.4825 1.5294 1.5353 1.538 1.7507 1.7784 1.7933 1.8023 1.8264 1.8375 1.8783 1.9049 1.939 0 0 0 0 0 0 0 0 0 0 0 0 0 0 0 0 0 0 0 0 0 0 0 0 0 0 0 0 0 0 0 0 0 0 0 0 0 0 0 0 0 0 0 0 0 0 0 0 0 0 0 0 0 0 0 0 0 0 0 0 0 0 0 0 0 0 0 0 0 0 0 0 0 0 0 0 0 0
34 0.0014 0.5779 0.6898 0.7655 0.8314 0.935 0.9668 0.998 1.0005 1.0227 1.0315 1.0453 1.0551 1.0607 1.0869 1.094 1.0969 1.102 1.1133 1.1232 1.1574 1.1637 1.1842 1.1993 1.212 1.236 1.2746 1.306 1.3283 1.3416 1.3867 1.4243 1.6276 1.6747 0 0 0 0 0 0 0 0 0 0 0 0 0 0 0 0 0 0 0 0 0 0 0 0 0 0 0 0 0 0 0 0 0 0 0 0 0 0 0 0 0 0 0 0 0 0 0 0 0 0 0 0 0 0 0 0 0 0 0 0 0 0 0 0 0 0 0 0 0 0 0 0 0 0 0 0 0 0
53 0.5912 0.6001 0.6197 0.648 0.686 0.7716 0.852 0.9435 0.9477 0.9724 0.9821 1.0027 1.0096 1.0301 1.04 1.0473 1.0643 1.0689 1.0751 1.081 1.0832 1.0854 1.107 1.112 1.1266 1.1303 1.1434 1.1552 1.1621 1.1756 1.179 1.2107 1.2124 1.2147 1.2177 1.2293 1.2372 1.254 1.2994 1.4126 1.5042 1.5461 1.5757 1.5928 1.6068 1.6226 1.6327 1.6516 1.6597 1.6749 1.6911 1.7019 1.7566 0 0 0 0 0 0 0 0 0 0 0 0 0 0 0 0 0 0 0 0 0 0 0 0 0 0 0 0 0 0 0 0 0 0 0 0 0 0 0 0 0 0 0 0 0 0 0 0 0 0 0 0 0 0 0 0 0 0 0
38 0.0015 0.6447 0.6738 0.7601 0.8674 0.9686 0.9841 1.0044 1.0161 1.0341 1.0547 1.0743 1.0786 1.0933 1.0957 1.1068 1.1097 1.1235 1.1314 1.1588 1.1666 1.1996 1.2139 1.3118 1.3363 1.3833 1.4375 1.5035 1.5278 1.5476 1.5643 1.5766 1.6147 1.6416 1.6455 1.6686 1.7079 1.7631 0 0 0 0 0 0 0 0 0 0 0 0 0 0 0 0 0 0 0 0 0 0 0 0 0 0 0 0 0 0 0 0 0 0 0 0 0 0 0 0 0 0 0 0 0 0 0 0 0 0 0 0 0 0 0 0 0 0 0 0 0 0 0 0 0 0 0 0 0 0 0 0 0 0
27 0.0014 0.5785 0.6473 0.6599 0.7057 0.7531 0.7885 0.8288 0.8699 0.9179 0.9696 1.0254 1.073 1.0893 1.1036 1.1277 1.1692 1.1894 1.2885 1.395 1.4561 1.604 1.6395 1.6972 1.7224 1.8106 2.2002 0 0 0 0 0 0 0 0 0 0 0 0 0 0 0 0 0 0 0 0 0 0 0 0 0 0 0 0 0 0 0 0 0 0 0 0 0 0 0 0 0 0 0 0 0 0 0 0 0 0 0 0 0 0 0 0 0 0 0 0 0 0 0 0 0 0 0 0 0 0 0 0 0 0 0 0 0 0 0 0 0 0 0 0 0
62 0.4517 0.5654 0.5885 0.6023 0.6081 0.6167 0.6391 0.6866 0.7227 0.7639 0.7798 0.7871 0.7903 0.824 0.8815 0.9171 0.9775 0.9897 1.0378 1.0456 1.0707 1.0755 1.0819 1.0914 1.1075 1.1325 1.1403 1.1664 1.1708 1.2068 1.2501 1.2524 1.2655 1.4402 1.5542 1.5924 1.6009 1.6305 1.6395 1.6442 1.6667 1.6721 1.6837 1.6879 1.6907 1.6956 1.7126 1.7314 1.7348 1.7574 1.7626 1.773 1.7777 1.7936 1.7961 1.8034 1.814 1.8229 1.8462 1.8499 1.8903 1.9186 0 0 0 0 0 0 0 0 0 0 0 0 0 0 0 0 0 0 0 0 0 0 0 0 0 0 0 0 0 0 0 0 0 0 0 0 0 0 0 0 0 0 0 0 0 0 0 0 0 0
33 0.0015 0.7373 0.9547 1.0328 1.0631 1.0668 1.0835 1.0913 1.1123 1.1259 1.1386 1.1442 1.151 1.1759 1.1917 1.1956 1.2309 1.2369 1.272 1.4419 1.5095 1.5498 1.5737 1.5942 1.6119 1.622 1.6398 1.6622 1.6652 1.6764 1.6853 1.6875 1.7224 0 0 0 0 0 0 0 0 0 0 0 0 0 0 0 0 0 0 0 0 0 0 0 0 0 0 0 0 0 0 0 0 0 0 0 0 0 0 0 0 0 0 0 0 0 0 0 0 0 0 0 0 0 0 0 0 0 0 0 0 0 0 0 0 0 0 0 0 0 0 0 0 0 0 0 0 0 0 0
60 0.0015 0.6404 0.6506 0.6725 0.7121 0.7393 0.8176 0.9112 0.9662 0.999 1.0594 1.0745 1.0851 1.0932 1.123 1.1265 1.128 1.148 1.1583 1.1753 1.1796 1.1907 1.2023 1.2105 1.23 1.233 1.2358 1.2552 1.268 1.2717 1.2846 1.2869 1.2946 1.2991 1.306 1.3093 1.3208 1.3573 1.4838 1.5299 1.5931 1.6118 1.6358 1.6385 1.6502 1.6674 1.6749 1.6844 1.6921 1.7046 1.715 1.7225 1.7368 1.7562 1.7778 1.7862 1.7925 1.805 1.835 1.8496 0 0 0 0 0 0 0 0 0 0 0 0 0 0 0 0 0 0 0 0 0 0 0 0 0 0 0 0 0 0 0 0 0 0 0 0 0 0 0 0 0 0 0 0 0 0 0 0 0 0 0 0
30 0.0015 0.5961 0.9018 1.0043 1.0327 1.06 1.0703 1.0749 1.0802 1.0894 1.1152 1.1304 1.1429 1.1472 1.1501 1.1622 1.1793 1.1898 1.1993 1.2179 1.2376 1.5306 1.5746 1.5777 1.6121 1.6295 1.6311 1.6709 1.6827 1.6867 0 0 0 0 0 0 0 0 0 0 0 0 0 0 0 0 0 0 0 0 0 0 0 0 0 0 0 0 0 0 0 0 0 0 0 0 0 0 0 0 0 0 0 0 0 0 0 0 0 0 0 0 0 0 0 0 0 0 0 0 0 0 0 0 0 0 0 0 0 0 0 0 0 0 0 0 0 0 0 0 0 0
46 0.0015 0.5379 0.6215 0.6328 0.6686 0.701 0.7565 0.8161 0.8981 0.9413 0.9895 0.9991 1.0008 1.0292 1.0519 1.0667 1.0679 1.0776 1.084 1.0955 1.1148 1.1187 1.1294 1.1307 1.138 1.1411 1.1489 1.1518 1.1537 1.1772 1.1798 1.1849 1.1921 1.2158 1.2276 1.4838 1.5126 1.5573 1.5856 1.6137 1.6243 1.6259 1.6486 1.6666 1.6994 1.7699 0 0 0 0 0 0 0 0 0 0 0 0 0 0 0 0 0 0 0 0 0 0 0 0 0 0 0 0 0 0 0 0 0 0 0 0 0 0 0 0 0 0 0 0 0 0 0 0 0 0 0 0 0 0 0 0 0 0 0 0 0 0 0 0 0 0
29 0.0015 0.6988 0.8072 0.9567 0.9795 1.0341 1.0596 1.0895 1.0998 1.1181 1.1272 1.1411 1.1529 1.175 1.1961 1.1988 1.2063 1.2431 1.2615 1.5864 1.6199 1.6425 1.656 1.6597 1.6847 1.7055 1.7363 1.7453 1.8158 0 0 0 0 0 0 0 0 0 0 0 0 0 0 0 0 0 0 0 0 0 0 0 0 0 0 0 0 0 0 0 0 0 0 0 0 0 0 0 0 0 0 0 0 0 0 0 0 0 0 0 0 0 0 0 0 0 0 0 0 0 0 0 0 0 0 0 0 0 0 0 0 0 0 0 0 0 0 0 0 0 0 0
17 0.0014 0.5261 0.584 0.7119 1.0589 1.1012 1.1193 1.1399 1.1523 1.1696 1.1893 1.1953 1.2155 1.2327 1.2684 1.6251 1.6902 0 0 0 0 0 0 0 0 0 0 0 0 0 0 0 0 0 0 0 0 0 0 0 0 0 0 0 0 0 0 0 0 0 0 0 0 0 0 0 0 0 0 0 0 0 0 0 0 0 0 0 0 0 0 0 0 0 0 0 0 0 0 0 0 0 0 0 0 0 0 0 0 0 0 0 0 0 0 0 0 0 0 0 0 0 0 0 0 0 0 0 0 0 0 0
57 0.3879 0.5114 0.6075 0.6188 0.652 0.7282 0.8474 0.9368 0.9435 0.9717 0.9824 0.9931 1.0032 1.0266 1.0448 1.0497 1.0544 1.0729 1.0856 1.1015 1.1084 1.1121 1.1226 1.1324 1.1342 1.1357 1.1457 1.1483 1.1867 1.1921 1.1998 1.2026 1.2061 1.2099 1.2446 1.2652 1.3481 1.3536 1.3632 1.4316 1.4686 1.4994 1.5301 1.5421 1.5631 1.5892 1.6007 1.613 1.6542 1.6609 1.6713 1.7018 1.7272 1.7578 1.7746 1.7884 1.8544 0 0 0 0 0 0 0 0 0 0 0 0 0 0 0 0 0 0 0 0 0 0 0 0 0 0 0 0 0 0 0 0 0 0 0 0 0 0 0 0 0 0 0 0 0 0 0 0 0 0 0 0 0 0 0
27 0.5483 0.6468 0.7513 0.9239 0.9754 1.0177 1.0528 1.0863 1.0954 1.0986 1.1324 1.1363 1.1533 1.1609 1.1814 1.2066 1.5526 1.5692 1.5777 1.6024 1.6234 1.6273 1.6444 1.6762 1.6872 1.7218 1.8015 0 0 0 0 0 0 0 0 0 0 0 0 0 0 0 0 0 0 0 0 0 0 0 0 0 0 0 0 0 0 0 0 0 0 0 0 0 0 0 0 0 0 0 0 0 0 0 0 0 0 0 0 0 0 0 0 0 0 0 0 0 0 0 0 0 0 0 0 0 0 0 0 0 0 0 0 0 0 0 0 0 0 0 0 0
78 0.0014 0.5304 0.5648 0.5805 0.5893 0.6053 0.6418 0.6743 0.7017 0.7218 0.7546 0.7574 0.8024 0.8186 0.8254 0.8869 0.8979 0.9258 0.9402 0.9687 0.9737 0.9917 0.9939 1.0006 1.0133 1.0198 1.0378 1.0422 1.0452 1.0561 1.0631 1.0765 1.0798 1.0907 1.1054 1.1103 1.1133 1.1366 1.1401 1.1418 1.1431 1.1482 1.1514 1.1564 1.1616 1.1631 1.1666 1.193 1.198 1.2218 1.2302 1.3044 1.326 1.3729 1.4253 1.447 1.4679 1.4698 1.5005 1.5076 1.5134 1.5382 1.5565 1.5591 1.5629 1.5847 1.5942 1.5981 1.6111 1.6221 1.6318 1.6416 1.6614 1.6847 1.7103 1.7271 1.7702 1.8065 0 0 0 0 0 0 0 0 0 0 0 0 0 0 0 0 0 0 0 0 0 0 0 0 0 0 0 0 0 0 0 0 0 0
19 0.6462 1.5222 1.5529 1.6098 1.6325 1.6432 1.6765 1.6825 1.6847 1.6887 1.6899 1.6911 1.761 1.7655 1.8208 1.828 1.8384 1.8647 1.8721 0 0 0 0 0 0 0 0 0 0 0 0 0 0 0 0 0 0 0 0 0 0 0 0 0 0 0 0 0 0 0 0 0 0 0 0 0 0 0 0 0 0 0 0 0 0 0 0 0 0 0 0 0 0 0 0 0 0 0 0 0 0 0 0 0 0 0 0 0 0 0 0 0 0 0 0 0 0 0 0 0 0 0 0 0 0 0 0 0 0 0 0 0
23 0.487 0.54 0.7229 1.0633 1.0905 1.1106 1.1185 1.1229 1.1434 1.1678 1.1718 1.1994 1.2134 1.232 1.2344 1.237 1.2421 1.2524 1.6368 1.649 1.6962 1.7002 1.7617 0 0 0 0 0 0 0 0 0 0 0 0 0 0 0 0 0 0 0 0 0 0 0 0 0 0 0 0 0 0 0 0 0 0 0 0 0 0 0 0 0 0 0 0 0 0 0 0 0 0 0 0 0 0 0 0 0 0 0 0 0 0 0 0 0 0 0 0 0 0 0 0 0 0 0 0 0 0 0 0 0 0 0 0 0 0 0 0 0
75 0.5797 0.6025 0.6106 0.6476 0.6586 0.6975 0.7427 0.7899 0.8506 0.9251 0.9494 0.954 0.9817 0.9887 1.0112 1.0232 1.0401 1.0468 1.055 1.0576 1.073 1.0817 1.088 1.0938 1.0977 1.1027 1.1176 1.1198 1.1325 1.1352 1.1491 1.1646 1.1673 1.1726 1.1748 1.1837 1.1931 1.2034 1.2149 1.2179 1.2212 1.243 1.2603 1.2635 1.2661 1.2683 1.2738 1.3945 1.4012 1.4779 1.506 1.5423 1.5514 1.5712 1.594 1.5994 1.6113 1.6133 1.6288 1.6392 1.6544 1.6685 1.676 1.6802 1.6957 1.7054 1.7083 1.7252 1.748 1.7775 1.7905 1.807 1.8286 1.8326 1.8875 0 0 0 0 0 0 0 0 0 0 0 0 0 0 0 0 0 0 0 0 0 0 0 0 0 0 0 0 0 0 0 0 0 0 0 0 0
64 0.0015 0.5756 0.5796 0.601 0.6082 0.6384 0.6622 0.6945 0.7748 0.7905 0.8502 0.9229 0.9374 0.9513 1.0017 1.0171 1.0216 1.0492 1.0518 1.0756 1.0837 1.0955 1.0993 1.1058 1.112 1.1138 1.1264 1.1314 1.1338 1.1504 1.1648 1.1677 1.1694 1.1721 1.1916 1.1958 1.1981 1.2117 1.2161 1.2273 1.2298 1.2329 1.2407 1.277 1.3003 1.3754 1.3775 1.4429 1.4812 1.5222 1.5354 1.5885 1.6227 1.6298 1.6353 1.6573 1.6743 1.6786 1.6815 1.6855 1.7199 1.7306 1.7597 1.7881 0 0 0 0 0 0 0 0 0 0 0 0 0 0 0 0 0 0 0 0 0 0 0 0 0 0 0 0 0 0 0 0 0 0 0 0 0 0 0 0 0 0 0 0 0 0 0 0
74 0.0015 0.0758 0.1848 0.4205 0.4777 0.6193 0.6263 0.6409 0.6834 0.6899 0.767 0.912 0.9396 0.9454 0.9858 1.002 1.0263 1.0354 1.0489 1.0587 1.0692 1.0861 1.0903 1.098 1.1008 1.1042 1.1201 1.1242 1.1361 1.1435 1.1538 1.1593 1.1687 1.1793 1.185 1.1878 1.191 1.193 1.1947 1.2065 1.2115 1.2142 1.2317 1.239 1.2424 1.2534 1.2649 1.269 1.3464 1.4376 1.4683 1.5038 1.5186 1.5411 1.5433 1.5474 1.5759 1.5826 1.5861 1.613 1.6165 1.6322 1.6349 1.637 1.6469 1.6661 1.6689 1.6735 1.6894 1.6973 1.7193 1.7243 1.7375 1.7858 0 0 0 0 0 0 0 0 0 0 0 0 0 0 0 0 0 0 0 0 0 0 0 0 0 0 0 0 0 0 0 0 0 0 0 0 0 0
31 0.1536 0.7238 0.9822 1.0628 1.0838 1.0925 1.108 1.1285 1.1337 1.1429 1.1516 1.1659 1.1823 1.1904 1.1937 1.2256 1.2327 1.2338 1.2505 1.2635 1.2666 1.3125 1.3228 1.5062 1.5816 1.6391 1.6626 1.6946 1.7052 1.7432 1.7624 0 0 0 0 0 0 0 0 0 0 0 0 0 0 0 0 0 0 0 0 0 0 0 0 0 0 0 0 0 0 0 0 0 0 0 0 0 0 0 0 0 0 0 0 0 0 0 0 0 0 0 0 0 0 0 0 0 0 0 0 0 0 0 0 0 0 0 0 0 0 0 0 0 0 0 0 0 0 0 0 0
88 0.0015 0.0061 0.3321 0.3691 0.5801 0.592 0.6132 0.6234 0.6419 0.6505 0.6882 0.6947 0.7291 0.7594 0.7903 0.8331 0.9404 0.971 0.984 0.9898 1.0197 1.027 1.0411 1.0543 1.0669 1.0718 1.0758 1.084 1.0869 1.1007 1.1089 1.1107 1.1173 1.1232 1.1381 1.144 1.1452 1.1496 1.154 1.1603 1.1663 1.1693 1.1761 1.193 1.1975 1.2011 1.2032 1.2103 1.2128 1.2161 1.2182 1.2307 1.2339 1.243 1.2483 1.262 1.2691 1.3662 1.4423 1.4893 1.5317 1.5426 1.5437 1.5652 1.5688 1.5801 1.5885 1.6006 1.6021 1.6088 1.6114 1.614 1.6249 1.638 1.651 1.6534 1.6695 1.6827 1.7078 1.7148 1.7316 1.7344 1.7421 1.7661 1.7712 1.7838 1.8009 1.8745 0 0 0 0 0 0 0 0 0 0 0 0 0 0 0 0 0 0 0 0 0 0 0 0
61 0.0014 0.4961 0.6184 0.8003 0.9028 0.9518 0.9845 0.9914 0.9937 1.006 1.0233 1.0367 1.0586 1.067 1.0715 1.0736 1.0974 1.0996 1.1006 1.1046 1.123 1.1275 1.1409 1.1447 1.1483 1.1507 1.153 1.1737 1.1787 1.197 1.2 1.214 1.243 1.2522 1.2594 1.2912 1.299 1.3029 1.307 1.3371 1.3784 1.423 1.4557 1.4809 1.5124 1.5237 1.54 1.5419 1.555 1.5787 1.5912 1.5937 1.6205 1.6245 1.6327 1.6461 1.6505 1.6802 1.6968 1.7291 1.7665 0 0 0 0 0 0 0 0 0 0 0 0 0 0 0 0 0 0 0 0 0 0 0 0 0 0 0 0 0 0 0 0 0 0 0 0 0 0 0 0 0 0 0 0 0 0 0 0 0 0 0
21 0.4615 0.6446 0.7892 0.9851 1.0729 1.0861 1.1151 1.1246 1.141 1.1627 1.1837 1.1889 1.2065 1.2209 1.2237 1.2411 1.2538 1.2619 1.6156 1.6728 1.6777 0 0 0 0 0 0 0 0 0 0 0 0 0 0 0 0 0 0 0 0 0 0 0 0 0 0 0 0 0 0 0 0 0 0 0 0 0 0 0 0 0 0 0 0 0 0 0 0 0 0 0 0 0 0 0 0 0 0 0 0 0 0 0 0 0 0 0 0 0 0 0 0 0 0 0 0 0 0 0 0 0 0 0 0 0 0 0 0 0 0 0
31 0.3603 0.3621 0.3637 0.3655 0.3676 0.3697 0.3718 0.3736 0.3777 0.3797 0.3818 0.3837 0.3859 0.3922 0.3941 0.3963 0.5606 1.1965 1.2502 1.2679 1.3146 1.4223 1.4668 1.4702 1.4866 1.5577 1.6057 1.664 1.7309 1.7355 1.7909 0 0 0 0 0 0 0 0 0 0 0 0 0 0 0 0 0 0 0 0 0 0 0 0 0 0 0 0 0 0 0 0 0 0 0 0 0 0 0 0 0 0 0 0 0 0 0 0 0 0 0 0 0 0 0 0 0 0 0 0 0 0 0 0 0 0 0 0 0 0 0 0 0 0 0 0 0 0 0 0 0
12 0.0015 1.1552 1.2001 1.2367 1.6028 1.6393 1.6531 1.6922 1.7174 1.7669 1.97 2.1089 0 0 0 0 0 0 0 0 0 0 0 0 0 0 0 0 0 0 0 0 0 0 0 0 0 0 0 0 0 0 0 0 0 0 0 0 0 0 0 0 0 0 0 0 0 0 0 0 0 0 0 0 0 0 0 0 0 0 0 0 0 0 0 0 0 0 0 0 0 0 0 0 0 0 0 0 0 0 0 0 0 0 0 0 0 0 0 0 0 0 0 0 0 0 0 0 0 0 0 0
25 0.0015 0.4604 0.5955 1.079 1.1138 1.1426 1.1564 1.1823 1.1896 1.2068 1.2097 1.2284 1.2397 1.2423 1.2637 1.2733 1.2851 1.2973 1.3288 1.4112 1.5969 1.6051 1.6417 1.6865 1.7498 0 0 0 0 0 0 0 0 0 0 0 0 0 0 0 0 0 0 0 0 0 0 0 0 0 0 0 0 0 0 0 0 0 0 0 0 0 0 0 0 0 0 0 0 0 0 0 0 0 0 0 0 0 0 0 0 0 0 0 0 0 0 0 0 0 0 0 0 0 0 0 0 0 0 0 0 0 0 0 0 0 0 0 0 0 0 0
45 0.0015 0.1479 0.3938 0.536 0.6772 0.6947 0.7233 0.7706 0.8575 1.0661 1.0876 1.1014 1.1286 1.1497 1.1542 1.1684 1.1725 1.1953 1.202 1.2079 1.2173 1.2211 1.2239 1.2492 1.2531 1.2628 1.2685 1.2793 1.2936 1.3194 1.423 1.4768 1.5045 1.5845 1.6408 1.6579 1.6861 1.7065 1.7466 1.7657 1.7765 1.7833 1.7947 1.8465 1.8927 0 0 0 0 0 0 0 0 0 0 0 0 0 0 0 0 0 0 0 0 0 0 0 0 0 0 0 0 0 0 0 0 0 0 0 0 0 0 0 0 0 0 0 0 0 0 0 0 0 0 0 0 0 0 0 0 0 0 0 0 0 0 0 0 0 0 0
43 0.4049 0.5999 0.6333 0.6434 0.6523 0.688 0.7666 0.8188 0.877 1.0095 1.0588 1.0872 1.0948 1.1283 1.1461 1.1516 1.1632 1.1645 1.1733 1.2004 1.207 1.2283 1.2347 1.2516 1.2702 1.2854 1.2907 1.5095 1.5754 1.5826 1.609 1.6426 1.6585 1.6801 1.7116 1.7349 1.7515 1.7749 1.801 1.8104 1.8535 1.895 1.9679 0 0 0 0 0 0 0 0 0 0 0 0 0 0 0 0 0 0 0 0 0 0 0 0 0 0 0 0 0 0 0 0 0 0 0 0 0 0 0 0 0 0 0 0 0 0 0 0 0 0 0 0 0 0 0 0 0 0 0 0 0 0 0 0 0 0 0 0 0
79 0.0015 0.5807 0.5964 0.6175 0.6243 0.676 0.6951 0.7332 0.7809 0.8301 0.8559 0.914 0.9599 1.003 1.0103 1.0328 1.0548 1.0657 1.0706 1.0828 1.0907 1.1109 1.1164 1.1188 1.1242 1.1344 1.1463 1.1503 1.1546 1.1642 1.1667 1.1699 1.1793 1.1823 1.1929 1.1941 1.1952 1.2123 1.2144 1.2181 1.221 1.2373 1.2405 1.2425 1.2491 1.28 1.286 1.3151 1.3206 1.3932 1.4343 1.4738 1.4989 1.5451 1.5717 1.5773 1.5944 1.598 1.6011 1.614 1.6308 1.6411 1.6568 1.6709 1.6789 1.6988 1.7077 1.7107 1.7322 1.7354 1.7465 1.7491 1.7678 1.7824 1.787 1.8012 1.8334 1.8492 1.9041 0 0 0 0 0 0 0 0 0 0 0 0 0 0 0 0 0 0 0 0 0 0 0 0 0 0 0 0 0 0 0 0 0
33 0.0014 0.8365 0.9179 1.0153 1.0578 1.0742 1.0761 1.0832 1.1129 1.1209 1.1379 1.1419 1.1558 1.1584 1.1745 1.1865 1.1949 1.1977 1.2012 1.2201 1.2263 1.23 1.2627 1.2698 1.4917 1.5353 1.6102 1.6586 1.6857 1.6921 1.7244 1.7593 1.778 0 0 0 0 0 0 0 0 0 0 0 0 0 0 0 0 0 0 0 0 0 0 0 0 0 0 0 0 0 0 0 0 0 0 0 0 0 0 0 0 0 0 0 0 0 0 0 0 0 0 0 0 0 0 0 0 0 0 0 0 0 0 0 0 0 0 0 0 0 0 0 0 0 0 0 0 0 0 0
28 0.615 0.6986 0.7619 0.8211 0.9232 0.9634 0.9806 1.0233 1.073 1.0813 1.1042 1.1233 1.1308 1.1544 1.1622 1.1675 1.1698 1.1951 1.2107 1.2153 1.2191 1.2577 1.6104 1.6392 1.689 1.7331 1.7525 1.785 0 0 0 0 0 0 0 0 0 0 0 0 0 0 0 0 0 0 0 0 0 0 0 0 0 0 0 0 0 0 0 0 0 0 0 0 0 0 0 0 0 0 0 0 0 0 0 0 0 0 0 0 0 0 0 0 0 0 0 0 0 0 0 0 0 0 0 0 0 0 0 0 0 0 0 0 0 0 0 0 0 0 0 0
