5 1.4489 1.7686 1.821 1.8681 1.9105 0 0 0 0 0 0 0 0 0 0 0 0 0 0 0 0 0 0 0 0 0 0 0 0 0 0 0 0 0 0 0 0 0 0 0 0 0 0 0
7 3e-04 0.3019 0.351 0.3815 0.4356 0.5027 1.242 0 0 0 0 0 0 0 0 0 0 0 0 0 0 0 0 0 0 0 0 0 0 0 0 0 0 0 0 0 0 0 0 0 0 0 0 0
3 0.7678 0.8403 0.9332 0 0 0 0 0 0 0 0 0 0 0 0 0 0 0 0 0 0 0 0 0 0 0 0 0 0 0 0 0 0 0 0 0 0 0 0 0 0 0 0 0
20 0.6007 0.6781 0.7369 0.8267 0.8982 0.9673 1.0304 1.1063 1.2164 1.2722 1.3139 1.3658 1.4822 1.6325 1.6742 1.7572 1.8034 1.9346 1.9991 2.2731 0 0 0 0 0 0 0 0 0 0 0 0 0 0 0 0 0 0 0 0 0 0 0 0
10 0.5801 0.6713 0.7178 0.7969 0.8697 0.9397 1.0278 1.1231 1.4856 1.578 0 0 0 0 0 0 0 0 0 0 0 0 0 0 0 0 0 0 0 0 0 0 0 0 0 0 0 0 0 0 0 0 0 0
4 0.7352 0.7894 0.9367 1.0099 0 0 0 0 0 0 0 0 0 0 0 0 0 0 0 0 0 0 0 0 0 0 0 0 0 0 0 0 0 0 0 0 0 0 0 0 0 0 0 0
12 0.7522 0.7961 0.858 0.925 1.0428 1.0973 1.1694 1.3342 1.3871 1.489 1.5785 1.6589 0 0 0 0 0 0 0 0 0 0 0 0 0 0 0 0 0 0 0 0 0 0 0 0 0 0 0 0 0 0 0 0
27 0.7116 0.8047 0.8448 0.8743 0.9169 0.9739 1.0225 1.056 1.0854 1.1344 1.1469 1.2168 1.2542 1.2824 1.5174 1.5521 1.5905 1.6429 1.7322 1.7864 1.9433 2.0939 2.1289 2.1558 2.1898 2.2016 2.2383 0 0 0 0 0 0 0 0 0 0 0 0 0 0 0 0 0
10 0.832 1.0008 1.1253 1.2104 1.2716 1.3847 1.4712 1.7117 1.8002 1.8824 0 0 0 0 0 0 0 0 0 0 0 0 0 0 0 0 0 0 0 0 0 0 0 0 0 0 0 0 0 0 0 0 0 0
25 0.0013 0.0546 0.1732 0.3289 0.4031 0.4743 0.6513 0.7081 0.7434 0.7933 0.8303 0.8723 0.923 0.966 1.0489 1.1264 1.1726 1.2469 1.2962 1.3257 1.4165 1.481 1.5496 1.6093 1.6638 0 0 0 0 0 0 0 0 0 0 0 0 0 0 0 0 0 0 0
34 0.0171 0.0599 0.1502 0.2175 0.3128 0.3804 0.5211 0.5854 0.6886 0.7293 0.7568 0.7868 0.8226 0.8499 0.8842 0.9338 0.9565 0.9945 1.0435 1.0786 1.1192 1.1715 1.1886 1.2225 1.2404 1.263 1.2926 1.3351 1.3763 1.4022 1.4512 1.512 1.5533 1.6833 0 0 0 0 0 0 0 0 0 0
13 0.0931 0.668 0.7262 0.8191 0.8647 0.9181 0.9801 1.0434 1.1231 1.1897 1.5529 1.6257 1.7998 0 0 0 0 0 0 0 0 0 0 0 0 0 0 0 0 0 0 0 0 0 0 0 0 0 0 0 0 0 0 0
15 0.6905 0.7288 0.767 0.8842 0.923 0.9747 1.0436 1.0742 1.2362 1.2628 1.2895 1.3574 1.4222 1.4926 1.5897 0 0 0 0 0 0 0 0 0 0 0 0 0 0 0 0 0 0 0 0 0 0 0 0 0 0 0 0 0
2 0.0624 2.2643 0 0 0 0 0 0 0 0 0 0 0 0 0 0 0 0 0 0 0 0 0 0 0 0 0 0 0 0 0 0 0 0 0 0 0 0 0 0 0 0 0 0
17 0.056 0.2158 0.7464 0.8123 0.8798 0.9383 1.0355 1.0926 1.143 1.2052 1.2601 1.3163 1.3781 1.4953 1.5591 1.8119 2.1637 0 0 0 0 0 0 0 0 0 0 0 0 0 0 0 0 0 0 0 0 0 0 0 0 0 0 0
13 0.0274 0.103 0.1928 0.3684 0.4616 0.6773 0.8104 0.9616 1.0169 1.071 1.1499 1.7302 2.1977 0 0 0 0 0 0 0 0 0 0 0 0 0 0 0 0 0 0 0 0 0 0 0 0 0 0 0 0 0 0 0
10 0.8173 0.8654 0.9705 1.0469 1.1438 1.2707 1.3782 1.5962 1.6804 2.2307 0 0 0 0 0 0 0 0 0 0 0 0 0 0 0 0 0 0 0 0 0 0 0 0 0 0 0 0 0 0 0 0 0 0
0 0 0 0 0 0 0 0 0 0 0 0 0 0 0 0 0 0 0 0 0 0 0 0 0 0 0 0 0 0 0 0 0 0 0 0 0 0 0 0 0 0 0 0 0
9 0.4905 0.7438 0.7924 0.8565 0.9538 1.1913 1.335 2.2376 2.2944 0 0 0 0 0 0 0 0 0 0 0 0 0 0 0 0 0 0 0 0 0 0 0 0 0 0 0 0 0 0 0 0 0 0 0
16 0.6861 0.7423 0.7857 0.8319 0.8769 1.0067 1.0638 1.1177 1.2362 1.2945 1.3384 1.4093 1.4625 1.5236 1.6032 1.6859 0 0 0 0 0 0 0 0 0 0 0 0 0 0 0 0 0 0 0 0 0 0 0 0 0 0 0 0
19 0.0857 0.1444 0.2096 0.3033 0.3543 0.4056 0.5297 0.8257 0.8995 1.0175 1.0715 1.1519 1.2194 1.2687 1.4713 1.5165 1.5735 1.6186 1.6549 0 0 0 0 0 0 0 0 0 0 0 0 0 0 0 0 0 0 0 0 0 0 0 0 0
12 0.6926 0.7401 0.7999 0.8397 0.921 0.9828 1.0379 1.095 1.1415 1.1948 1.2404 1.3302 0 0 0 0 0 0 0 0 0 0 0 0 0 0 0 0 0 0 0 0 0 0 0 0 0 0 0 0 0 0 0 0
6 0.6822 1.1823 1.2401 1.298 1.388 1.564 0 0 0 0 0 0 0 0 0 0 0 0 0 0 0 0 0 0 0 0 0 0 0 0 0 0 0 0 0 0 0 0 0 0 0 0 0 0
4 0.7226 0.81 1.1044 1.3178 0 0 0 0 0 0 0 0 0 0 0 0 0 0 0 0 0 0 0 0 0 0 0 0 0 0 0 0 0 0 0 0 0 0 0 0 0 0 0 0
15 0.322 0.6144 0.7813 0.8185 0.8655 0.9323 0.9779 1.017 1.0829 1.1281 1.1739 1.2189 1.3489 1.405 1.4557 0 0 0 0 0 0 0 0 0 0 0 0 0 0 0 0 0 0 0 0 0 0 0 0 0 0 0 0 0
15 0.0297 0.0855 0.1171 0.2497 0.3292 0.7316 0.8007 0.9881 1.036 1.1111 1.147 1.185 1.2523 1.458 1.5138 0 0 0 0 0 0 0 0 0 0 0 0 0 0 0 0 0 0 0 0 0 0 0 0 0 0 0 0 0
7 0.0274 0.5681 0.6333 0.866 0.9342 1.114 1.2054 0 0 0 0 0 0 0 0 0 0 0 0 0 0 0 0 0 0 0 0 0 0 0 0 0 0 0 0 0 0 0 0 0 0 0 0 0
1 0.8613 0 0 0 0 0 0 0 0 0 0 0 0 0 0 0 0 0 0 0 0 0 0 0 0 0 0 0 0 0 0 0 0 0 0 0 0 0 0 0 0 0 0 0
0 0 0 0 0 0 0 0 0 0 0 0 0 0 0 0 0 0 0 0 0 0 0 0 0 0 0 0 0 0 0 0 0 0 0 0 0 0 0 0 0 0 0 0 0
13 0.6613 0.7322 0.773 0.9512 1.0169 1.0677 1.1576 1.4677 1.525 1.5577 1.5698 1.603 2.1637 0 0 0 0 0 0 0 0 0 0 0 0 0 0 0 0 0 0 0 0 0 0 0 0 0 0 0 0 0 0 0
7 0.0811 0.1661 0.2516 0.5049 0.569 0.6618 1.2624 0 0 0 0 0 0 0 0 0 0 0 0 0 0 0 0 0 0 0 0 0 0 0 0 0 0 0 0 0 0 0 0 0 0 0 0 0
13 0.7539 0.8323 0.8763 0.9426 0.9663 1.0336 1.2758 1.2978 1.3454 1.3943 1.4548 1.5059 1.5668 0 0 0 0 0 0 0 0 0 0 0 0 0 0 0 0 0 0 0 0 0 0 0 0 0 0 0 0 0 0 0
14 0.7487 0.98 1.2356 1.2991 1.3282 1.4215 1.4725 1.5107 1.5428 1.6748 2.0237 2.0523 2.1979 2.3724 0 0 0 0 0 0 0 0 0 0 0 0 0 0 0 0 0 0 0 0 0 0 0 0 0 0 0 0 0 0
4 0.1801 1.1376 1.2247 1.3913 0 0 0 0 0 0 0 0 0 0 0 0 0 0 0 0 0 0 0 0 0 0 0 0 0 0 0 0 0 0 0 0 0 0 0 0 0 0 0 0
3 0.7397 0.8133 1.0428 0 0 0 0 0 0 0 0 0 0 0 0 0 0 0 0 0 0 0 0 0 0 0 0 0 0 0 0 0 0 0 0 0 0 0 0 0 0 0 0 0
12 0.1496 0.796 0.8496 0.9034 1.7291 2.0869 2.119 2.1367 2.16 2.1839 2.2053 2.2449 0 0 0 0 0 0 0 0 0 0 0 0 0 0 0 0 0 0 0 0 0 0 0 0 0 0 0 0 0 0 0 0
13 0.7991 0.8677 0.9171 0.9689 1.0074 1.0653 1.2627 1.3007 1.3308 1.3695 1.4184 1.4821 1.5341 0 0 0 0 0 0 0 0 0 0 0 0 0 0 0 0 0 0 0 0 0 0 0 0 0 0 0 0 0 0 0
14 0.2109 0.3707 0.7546 0.8591 0.9441 1.0053 1.0738 1.1151 1.3184 1.3495 1.4214 1.5136 1.5526 1.6374 0 0 0 0 0 0 0 0 0 0 0 0 0 0 0 0 0 0 0 0 0 0 0 0 0 0 0 0 0 0
5 0.7416 0.8679 0.9429 1.0982 1.5361 0 0 0 0 0 0 0 0 0 0 0 0 0 0 0 0 0 0 0 0 0 0 0 0 0 0 0 0 0 0 0 0 0 0 0 0 0 0 0
5 0.7512 0.8069 1.0351 1.0874 1.6876 0 0 0 0 0 0 0 0 0 0 0 0 0 0 0 0 0 0 0 0 0 0 0 0 0 0 0 0 0 0 0 0 0 0 0 0 0 0 0
8 0.1251 0.6207 1.045 1.1137 1.1991 1.3033 1.5423 2.1736 0 0 0 0 0 0 0 0 0 0 0 0 0 0 0 0 0 0 0 0 0 0 0 0 0 0 0 0 0 0 0 0 0 0 0 0
6 0.8008 0.8817 0.926 1.0042 1.0707 1.3787 0 0 0 0 0 0 0 0 0 0 0 0 0 0 0 0 0 0 0 0 0 0 0 0 0 0 0 0 0 0 0 0 0 0 0 0 0 0
12 0.5832 0.6474 0.8267 0.933 1.0692 1.15 1.2591 1.5888 1.6499 1.9488 2.1017 2.2305 0 0 0 0 0 0 0 0 0 0 0 0 0 0 0 0 0 0 0 0 0 0 0 0 0 0 0 0 0 0 0 0
11 0.4719 0.6481 1.0506 1.1533 1.3068 1.7682 2.1647 2.2022 2.2412 2.2744 2.3103 0 0 0 0 0 0 0 0 0 0 0 0 0 0 0 0 0 0 0 0 0 0 0 0 0 0 0 0 0 0 0 0 0
6 1.0088 1.0557 1.0948 1.4999 1.5563 1.6238 0 0 0 0 0 0 0 0 0 0 0 0 0 0 0 0 0 0 0 0 0 0 0 0 0 0 0 0 0 0 0 0 0 0 0 0 0 0
7 0.2608 0.8131 0.9189 1.2194 1.2761 1.3771 1.4325 0 0 0 0 0 0 0 0 0 0 0 0 0 0 0 0 0 0 0 0 0 0 0 0 0 0 0 0 0 0 0 0 0 0 0 0 0
3 0.8786 1.1842 1.6868 0 0 0 0 0 0 0 0 0 0 0 0 0 0 0 0 0 0 0 0 0 0 0 0 0 0 0 0 0 0 0 0 0 0 0 0 0 0 0 0 0
20 0.0288 0.1996 0.5 0.6211 0.692 0.753 0.808 0.8533 0.9484 1.0128 1.0594 1.1136 1.2643 1.3958 1.4714 1.5313 1.6097 1.692 2.0921 2.1409 0 0 0 0 0 0 0 0 0 0 0 0 0 0 0 0 0 0 0 0 0 0 0 0
3 1.2127 1.7329 1.9664 0 0 0 0 0 0 0 0 0 0 0 0 0 0 0 0 0 0 0 0 0 0 0 0 0 0 0 0 0 0 0 0 0 0 0 0 0 0 0 0 0
22 0.025 0.6905 0.7391 0.7746 0.8112 0.8457 0.9039 0.9546 1.0049 1.0627 1.1393 1.1984 1.253 1.2913 1.388 1.4264 1.4602 1.5319 1.5625 1.5975 1.6415 1.787 0 0 0 0 0 0 0 0 0 0 0 0 0 0 0 0 0 0 0 0 0 0
12 0.6592 0.8123 1.0333 1.248 1.3774 1.4279 1.4618 1.512 1.5411 1.5789 1.6186 1.6655 0 0 0 0 0 0 0 0 0 0 0 0 0 0 0 0 0 0 0 0 0 0 0 0 0 0 0 0 0 0 0 0
10 0.8917 0.9453 1.0046 1.0718 1.081 1.1418 1.195 1.2915 1.6531 2.2763 0 0 0 0 0 0 0 0 0 0 0 0 0 0 0 0 0 0 0 0 0 0 0 0 0 0 0 0 0 0 0 0 0 0
8 0.1665 0.5448 0.7054 0.774 0.8372 0.8968 0.9578 1.0639 0 0 0 0 0 0 0 0 0 0 0 0 0 0 0 0 0 0 0 0 0 0 0 0 0 0 0 0 0 0 0 0 0 0 0 0
12 0.5255 0.5469 0.6741 0.727 0.8195 0.9843 1.1082 1.1496 1.2239 1.6232 1.6999 2.1103 0 0 0 0 0 0 0 0 0 0 0 0 0 0 0 0 0 0 0 0 0 0 0 0 0 0 0 0 0 0 0 0
16 0.1115 0.6881 0.7768 0.8595 0.9065 0.9583 1.049 1.1282 1.3729 1.4528 1.4895 1.5715 1.6552 1.7219 1.9767 2.0646 0 0 0 0 0 0 0 0 0 0 0 0 0 0 0 0 0 0 0 0 0 0 0 0 0 0 0 0
17 0.6303 0.7064 0.8041 0.8087 0.8264 0.8325 0.8628 0.9138 1.063 1.1061 1.1993 1.4431 1.4869 1.57 2.0038 2.0723 2.1153 0 0 0 0 0 0 0 0 0 0 0 0 0 0 0 0 0 0 0 0 0 0 0 0 0 0 0
23 0.2938 0.727 0.8142 1.0513 1.3098 1.3638 1.4138 1.5307 1.5866 1.6303 1.67 1.8024 2.0647 2.1144 2.143 2.1607 2.1812 2.2037 2.2498 2.2694 2.2846 2.3136 2.3304 0 0 0 0 0 0 0 0 0 0 0 0 0 0 0 0 0 0 0 0 0
22 0.0517 0.099 0.1426 0.3079 0.3781 0.4458 0.4976 0.7477 0.8005 0.8607 0.9089 0.9775 1.0216 1.0622 1.1374 1.2768 1.4251 1.4866 1.5493 1.5822 1.6357 1.6698 0 0 0 0 0 0 0 0 0 0 0 0 0 0 0 0 0 0 0 0 0 0
16 0.0531 0.668 0.7216 0.7606 0.8064 0.8759 0.9429 1.0071 1.0737 1.3038 1.3384 1.3874 1.4656 1.5211 1.5868 1.6529 0 0 0 0 0 0 0 0 0 0 0 0 0 0 0 0 0 0 0 0 0 0 0 0 0 0 0 0
4 0.7012 0.7952 0.8848 0.9559 0 0 0 0 0 0 0 0 0 0 0 0 0 0 0 0 0 0 0 0 0 0 0 0 0 0 0 0 0 0 0 0 0 0 0 0 0 0 0 0
6 0.5495 0.8108 1.044 1.0809 1.1619 1.2262 0 0 0 0 0 0 0 0 0 0 0 0 0 0 0 0 0 0 0 0 0 0 0 0 0 0 0 0 0 0 0 0 0 0 0 0 0 0
15 0.1863 0.7172 0.7614 0.8099 0.8541 0.9388 1.008 1.0822 1.1297 1.1902 1.2773 1.3942 1.4468 1.5027 1.5736 0 0 0 0 0 0 0 0 0 0 0 0 0 0 0 0 0 0 0 0 0 0 0 0 0 0 0 0 0
10 0.4641 0.7273 0.7524 0.8039 0.8483 1.0986 1.2715 1.3027 1.3919 1.4889 0 0 0 0 0 0 0 0 0 0 0 0 0 0 0 0 0 0 0 0 0 0 0 0 0 0 0 0 0 0 0 0 0 0
16 0.0013 0.0697 0.1997 0.7937 0.8363 0.9228 1.001 1.0533 1.0958 1.1502 1.1954 1.1971 1.2704 1.4143 1.5106 1.5982 0 0 0 0 0 0 0 0 0 0 0 0 0 0 0 0 0 0 0 0 0 0 0 0 0 0 0 0
10 0.0333 0.8343 0.9635 1.0642 1.1527 1.4372 1.4836 1.5414 1.6914 2.1782 0 0 0 0 0 0 0 0 0 0 0 0 0 0 0 0 0 0 0 0 0 0 0 0 0 0 0 0 0 0 0 0 0 0
11 0.7256 0.7998 0.8522 0.9023 0.9793 1.09 1.1578 1.4014 1.4802 1.5426 1.6115 0 0 0 0 0 0 0 0 0 0 0 0 0 0 0 0 0 0 0 0 0 0 0 0 0 0 0 0 0 0 0 0 0
18 0.6387 0.6774 0.7184 0.7762 0.8145 0.9071 0.9333 0.998 1.0316 1.0792 1.1823 1.243 1.2689 1.3451 1.3928 1.4376 1.4872 1.5564 0 0 0 0 0 0 0 0 0 0 0 0 0 0 0 0 0 0 0 0 0 0 0 0 0 0
1 1.3903 0 0 0 0 0 0 0 0 0 0 0 0 0 0 0 0 0 0 0 0 0 0 0 0 0 0 0 0 0 0 0 0 0 0 0 0 0 0 0 0 0 0 0
11 0.103 0.8168 0.8565 0.9099 0.9489 0.9821 1.015 1.0656 1.1346 1.3664 1.574 0 0 0 0 0 0 0 0 0 0 0 0 0 0 0 0 0 0 0 0 0 0 0 0 0 0 0 0 0 0 0 0 0
12 0.1374 0.7099 0.7739 0.8384 0.8839 0.9928 1.0705 1.3153 1.3783 1.4295 1.5234 1.6475 0 0 0 0 0 0 0 0 0 0 0 0 0 0 0 0 0 0 0 0 0 0 0 0 0 0 0 0 0 0 0 0
11 0.7511 0.8704 0.9228 0.9735 1.0277 1.0907 1.5483 1.6503 2.0945 2.1317 2.1663 0 0 0 0 0 0 0 0 0 0 0 0 0 0 0 0 0 0 0 0 0 0 0 0 0 0 0 0 0 0 0 0 0
2 1.2621 1.5804 0 0 0 0 0 0 0 0 0 0 0 0 0 0 0 0 0 0 0 0 0 0 0 0 0 0 0 0 0 0 0 0 0 0 0 0 0 0 0 0 0 0
35 0.0727 0.1177 0.1444 0.204 0.2706 0.3406 0.3987 0.5818 0.6526 0.7203 0.7593 0.8006 0.8402 0.9041 0.9458 0.9764 1.0092 1.0483 1.0786 1.111 1.1558 1.1756 1.2175 1.2583 1.3089 1.3316 1.3685 1.4119 1.4419 1.4791 1.513 1.5472 1.5929 1.6192 1.7104 0 0 0 0 0 0 0 0 0
22 0.1896 0.2461 0.2892 0.3406 0.4126 0.4692 0.536 0.586 0.6307 0.7189 0.7673 0.811 0.8604 0.9215 1.0053 1.0614 1.1043 1.2136 1.4448 1.5137 1.6045 1.6449 0 0 0 0 0 0 0 0 0 0 0 0 0 0 0 0 0 0 0 0 0 0
14 0.1712 0.3254 0.4085 0.4912 0.5476 0.8008 0.9166 0.994 1.1191 1.2522 1.3595 1.3999 1.6214 1.6847 0 0 0 0 0 0 0 0 0 0 0 0 0 0 0 0 0 0 0 0 0 0 0 0 0 0 0 0 0 0
16 0.0621 0.1217 0.1773 0.2299 0.3151 0.6134 0.6831 0.8439 0.9068 0.9556 1.019 1.0917 1.1698 1.2765 1.3575 1.4306 0 0 0 0 0 0 0 0 0 0 0 0 0 0 0 0 0 0 0 0 0 0 0 0 0 0 0 0
22 0.0915 0.1291 0.1633 0.2193 0.6964 0.7847 0.8466 0.9231 0.9722 1.014 1.1443 1.1973 1.2435 1.3027 1.357 1.418 1.5321 1.6181 1.668 1.748 1.8225 1.9677 0 0 0 0 0 0 0 0 0 0 0 0 0 0 0 0 0 0 0 0 0 0
12 0.7936 0.8514 0.8991 0.9566 1.0197 1.0969 1.1492 1.2227 1.2866 1.3437 1.4054 1.4505 0 0 0 0 0 0 0 0 0 0 0 0 0 0 0 0 0 0 0 0 0 0 0 0 0 0 0 0 0 0 0 0
15 0.7939 0.9053 1.0061 1.055 1.1657 1.2646 1.3155 1.5745 1.6305 1.6932 1.8088 2.0804 2.1263 2.1699 2.1989 0 0 0 0 0 0 0 0 0 0 0 0 0 0 0 0 0 0 0 0 0 0 0 0 0 0 0 0 0
7 0.1398 0.7287 0.8026 0.8535 0.933 1.3525 1.6109 0 0 0 0 0 0 0 0 0 0 0 0 0 0 0 0 0 0 0 0 0 0 0 0 0 0 0 0 0 0 0 0 0 0 0 0 0
16 0.7072 0.801 0.8704 0.9293 1.0301 1.0884 1.1677 1.2415 1.3154 1.3495 1.3749 1.4187 1.4828 1.5393 1.5785 1.6664 0 0 0 0 0 0 0 0 0 0 0 0 0 0 0 0 0 0 0 0 0 0 0 0 0 0 0 0
11 0.9246 0.9873 1.0624 1.1147 1.1604 1.2118 1.4053 1.5833 1.6547 1.7215 2.1714 0 0 0 0 0 0 0 0 0 0 0 0 0 0 0 0 0 0 0 0 0 0 0 0 0 0 0 0 0 0 0 0 0
25 0.0687 0.1505 0.1906 0.2855 0.7659 0.8075 0.8383 0.8867 0.9124 0.9467 0.9755 1.0008 1.0509 1.0725 1.1213 1.189 1.2311 1.339 1.3812 1.4342 1.4741 1.5093 1.5688 1.6027 1.6671 0 0 0 0 0 0 0 0 0 0 0 0 0 0 0 0 0 0 0
2 1.3595 1.6296 0 0 0 0 0 0 0 0 0 0 0 0 0 0 0 0 0 0 0 0 0 0 0 0 0 0 0 0 0 0 0 0 0 0 0 0 0 0 0 0 0 0
15 0.5165 0.7745 0.8826 1.1611 1.2252 1.2822 1.3249 1.3816 1.6513 1.7148 1.7886 2.1312 2.19 2.227 2.268 0 0 0 0 0 0 0 0 0 0 0 0 0 0 0 0 0 0 0 0 0 0 0 0 0 0 0 0 0
4 0.0013 0.3022 1.439 2.1465 0 0 0 0 0 0 0 0 0 0 0 0 0 0 0 0 0 0 0 0 0 0 0 0 0 0 0 0 0 0 0 0 0 0 0 0 0 0 0 0
17 0.5632 0.6686 0.7626 0.8856 0.9803 1.0441 1.1276 1.1974 1.2725 1.3564 1.5549 1.5929 2.0145 2.0562 2.079 2.1205 2.1814 0 0 0 0 0 0 0 0 0 0 0 0 0 0 0 0 0 0 0 0 0 0 0 0 0 0 0
8 0.7392 0.8826 1.0477 1.1267 1.243 1.4339 1.5114 1.5639 0 0 0 0 0 0 0 0 0 0 0 0 0 0 0 0 0 0 0 0 0 0 0 0 0 0 0 0 0 0 0 0 0 0 0 0
3 0.726 0.8043 0.9682 0 0 0 0 0 0 0 0 0 0 0 0 0 0 0 0 0 0 0 0 0 0 0 0 0 0 0 0 0 0 0 0 0 0 0 0 0 0 0 0 0
22 0.0378 0.1205 0.9696 1.0178 1.0953 1.1425 1.2201 1.3063 1.3514 1.3879 1.4389 1.4802 1.516 1.5521 1.5918 1.6278 1.6684 1.7143 1.8532 1.9033 2.0075 2.2661 0 0 0 0 0 0 0 0 0 0 0 0 0 0 0 0 0 0 0 0 0 0
10 0.2017 0.2505 0.2888 0.3363 0.3859 0.4839 0.7958 0.9394 0.9893 1.7094 0 0 0 0 0 0 0 0 0 0 0 0 0 0 0 0 0 0 0 0 0 0 0 0 0 0 0 0 0 0 0 0 0 0
11 0.5491 0.6848 0.7595 0.8054 0.8492 0.9131 0.9861 1.0667 1.4368 1.4902 1.6602 0 0 0 0 0 0 0 0 0 0 0 0 0 0 0 0 0 0 0 0 0 0 0 0 0 0 0 0 0 0 0 0 0
6 0.7541 1.098 1.1507 1.2151 1.3305 1.6479 0 0 0 0 0 0 0 0 0 0 0 0 0 0 0 0 0 0 0 0 0 0 0 0 0 0 0 0 0 0 0 0 0 0 0 0 0 0
24 0.1974 0.6711 0.7091 0.7366 0.7782 0.8106 0.8353 0.8874 0.9316 0.9613 1.0168 1.0455 1.0821 1.1247 1.1601 1.1948 1.2598 1.2944 1.3395 1.3819 1.4345 1.5307 1.5792 1.6347 0 0 0 0 0 0 0 0 0 0 0 0 0 0 0 0 0 0 0 0
23 0.0487 0.1457 0.2072 0.2506 0.3376 0.5071 0.7116 0.8101 0.8552 0.9 0.9409 0.9748 1.0138 1.071 1.1086 1.1448 1.1917 1.2288 1.3287 1.417 1.4611 1.5008 1.5504 0 0 0 0 0 0 0 0 0 0 0 0 0 0 0 0 0 0 0 0 0
14 0.6966 0.7508 0.8235 1.053 1.1281 1.1658 1.223 1.2815 1.3332 1.4826 1.5212 1.6113 1.6715 1.7284 0 0 0 0 0 0 0 0 0 0 0 0 0 0 0 0 0 0 0 0 0 0 0 0 0 0 0 0 0 0
11 0.6321 0.6988 0.7344 0.783 1.1913 1.5185 1.5915 1.6659 1.994 2.1163 2.1463 0 0 0 0 0 0 0 0 0 0 0 0 0 0 0 0 0 0 0 0 0 0 0 0 0 0 0 0 0 0 0 0 0
7 0.7622 0.8692 0.9339 1.0619 1.1544 1.2125 1.3342 0 0 0 0 0 0 0 0 0 0 0 0 0 0 0 0 0 0 0 0 0 0 0 0 0 0 0 0 0 0 0 0 0 0 0 0 0
24 0.0013 0.0506 0.2496 0.5691 0.652 0.7208 0.7473 0.8114 0.8682 0.8977 0.9553 1.0211 1.073 1.1148 1.1677 1.1877 1.2447 1.29 1.3217 1.3638 1.3996 1.4315 1.4698 1.5299 0 0 0 0 0 0 0 0 0 0 0 0 0 0 0 0 0 0 0 0
14 0.0733 0.2081 0.6845 0.7796 0.8587 1.007 1.0597 1.1789 1.2203 1.2467 1.3162 1.3654 1.5594 1.6451 0 0 0 0 0 0 0 0 0 0 0 0 0 0 0 0 0 0 0 0 0 0 0 0 0 0 0 0 0 0
17 0.6614 0.7376 0.7986 0.8684 0.933 1.0158 1.1221 1.1923 1.2528 1.3042 1.355 1.4451 1.6951 1.7412 2.12 2.1736 2.2402 0 0 0 0 0 0 0 0 0 0 0 0 0 0 0 0 0 0 0 0 0 0 0 0 0 0 0
1 0.0013 0 0 0 0 0 0 0 0 0 0 0 0 0 0 0 0 0 0 0 0 0 0 0 0 0 0 0 0 0 0 0 0 0 0 0 0 0 0 0 0 0 0 0
15 0.0793 0.1289 0.2094 0.2698 0.3467 0.7095 1.0901 1.1677 1.2524 1.3585 1.4271 1.5095 1.5715 1.8371 1.9035 0 0 0 0 0 0 0 0 0 0 0 0 0 0 0 0 0 0 0 0 0 0 0 0 0 0 0 0 0
29 0.1082 0.1843 0.2766 0.3962 0.527 0.8241 0.8888 0.9698 1.0106 1.0317 1.0771 1.1656 1.2133 1.2477 1.2709 1.3146 1.3642 1.4066 1.4267 1.4993 1.5337 1.5718 1.6139 1.6411 1.6703 1.7036 1.7368 1.7713 1.818 0 0 0 0 0 0 0 0 0 0 0 0 0 0 0
14 0.7095 0.7563 0.8268 0.8762 0.9282 0.9549 1.0203 1.0715 1.1259 1.1792 1.2281 1.3961 1.4598 1.5692 0 0 0 0 0 0 0 0 0 0 0 0 0 0 0 0 0 0 0 0 0 0 0 0 0 0 0 0 0 0
22 0.0014 0.0543 0.1582 0.219 0.273 0.3089 0.3764 0.455 0.5173 0.619 0.6818 0.8402 1.2574 1.3445 1.3947 1.475 1.5388 1.6461 1.7199 1.8042 1.8506 1.9228 0 0 0 0 0 0 0 0 0 0 0 0 0 0 0 0 0 0 0 0 0 0
8 0.7694 0.845 0.9261 0.9754 1.118 1.1976 1.3397 2.1836 0 0 0 0 0 0 0 0 0 0 0 0 0 0 0 0 0 0 0 0 0 0 0 0 0 0 0 0 0 0 0 0 0 0 0 0
20 0.1436 0.175 0.2347 0.3356 0.4587 0.8288 0.9491 1.0488 1.2289 1.3075 1.4012 1.4948 1.5815 1.8342 2.442 2.4825 2.519 2.5564 2.6097 2.6473 0 0 0 0 0 0 0 0 0 0 0 0 0 0 0 0 0 0 0 0 0 0 0 0
5 0.9621 1.2564 1.3939 1.559 2.2956 0 0 0 0 0 0 0 0 0 0 0 0 0 0 0 0 0 0 0 0 0 0 0 0 0 0 0 0 0 0 0 0 0 0 0 0 0 0 0
11 0.8414 0.8969 0.9852 1.0494 1.1025 1.177 1.2212 1.5579 1.6439 1.7594 2.2217 0 0 0 0 0 0 0 0 0 0 0 0 0 0 0 0 0 0 0 0 0 0 0 0 0 0 0 0 0 0 0 0 0
9 0.4831 0.6109 0.7279 0.7715 0.9446 1.0315 1.1737 1.2678 1.3334 0 0 0 0 0 0 0 0 0 0 0 0 0 0 0 0 0 0 0 0 0 0 0 0 0 0 0 0 0 0 0 0 0 0 0
19 0.1517 0.3955 0.5748 0.7423 0.7873 0.8204 0.8668 0.9592 1.0099 1.083 1.1993 1.2362 1.4127 1.4597 1.5016 1.5605 1.6164 1.7189 2.115 0 0 0 0 0 0 0 0 0 0 0 0 0 0 0 0 0 0 0 0 0 0 0 0 0
13 0.6911 0.7332 0.7871 0.8321 0.8567 0.8949 0.9356 0.9874 1.0468 1.2128 1.3969 1.4552 1.5648 0 0 0 0 0 0 0 0 0 0 0 0 0 0 0 0 0 0 0 0 0 0 0 0 0 0 0 0 0 0 0
14 0.5948 0.6762 0.7549 0.8007 0.8491 0.9008 0.9441 0.9922 1.0267 1.0845 1.1708 1.5464 1.5972 1.6917 0 0 0 0 0 0 0 0 0 0 0 0 0 0 0 0 0 0 0 0 0 0 0 0 0 0 0 0 0 0
16 0.1931 0.3316 0.4376 0.6042 0.6602 0.7585 0.9371 1.0113 1.0572 1.1046 1.1528 1.2435 1.5148 1.6163 1.6776 2.2534 0 0 0 0 0 0 0 0 0 0 0 0 0 0 0 0 0 0 0 0 0 0 0 0 0 0 0 0
2 0.1779 1.2954 0 0 0 0 0 0 0 0 0 0 0 0 0 0 0 0 0 0 0 0 0 0 0 0 0 0 0 0 0 0 0 0 0 0 0 0 0 0 0 0 0 0
25 0.398 0.4638 0.587 0.6219 0.6563 0.6886 0.712 0.7422 0.7657 0.7859 0.8083 0.8476 0.9007 0.9309 0.9765 1.0281 1.09 1.2439 1.3266 1.3743 1.4207 1.4643 1.4865 1.5285 1.5628 0 0 0 0 0 0 0 0 0 0 0 0 0 0 0 0 0 0 0
9 0.1878 1.0842 1.3953 1.448 1.4839 1.5778 1.6391 1.6708 1.7458 0 0 0 0 0 0 0 0 0 0 0 0 0 0 0 0 0 0 0 0 0 0 0 0 0 0 0 0 0 0 0 0 0 0 0
17 0.5105 0.717 0.783 1.0162 1.098 1.1625 1.2259 1.2794 1.3425 1.404 1.435 1.4973 1.5338 1.5934 1.6552 1.6996 2.1137 0 0 0 0 0 0 0 0 0 0 0 0 0 0 0 0 0 0 0 0 0 0 0 0 0 0 0
13 0.8145 0.8703 0.9524 1.0288 1.0918 1.1507 1.2174 1.3067 1.4543 1.5724 1.6498 1.8555 1.8904 0 0 0 0 0 0 0 0 0 0 0 0 0 0 0 0 0 0 0 0 0 0 0 0 0 0 0 0 0 0 0
16 0.5155 0.5628 0.6314 0.8335 0.9142 0.9706 1.0391 1.0942 1.1357 1.1926 1.2488 1.5364 1.5934 1.6768 2.1166 2.1639 0 0 0 0 0 0 0 0 0 0 0 0 0 0 0 0 0 0 0 0 0 0 0 0 0 0 0 0
14 0.4928 0.5568 0.6059 0.6515 0.7748 0.8289 0.9059 0.9664 1.0259 1.0705 1.131 1.1835 1.2399 1.2929 0 0 0 0 0 0 0 0 0 0 0 0 0 0 0 0 0 0 0 0 0 0 0 0 0 0 0 0 0 0
14 0.4236 0.7612 0.8101 0.853 0.8932 0.9371 1.0389 1.0758 1.1234 1.1699 1.4382 1.4828 1.5206 2.0827 0 0 0 0 0 0 0 0 0 0 0 0 0 0 0 0 0 0 0 0 0 0 0 0 0 0 0 0 0 0
16 0.1275 0.6349 1.1593 1.2294 1.2782 1.3397 1.3914 1.4588 1.5237 1.7103 1.7505 1.8004 2.1738 2.2102 2.2579 2.292 0 0 0 0 0 0 0 0 0 0 0 0 0 0 0 0 0 0 0 0 0 0 0 0 0 0 0 0
11 0.8597 0.9316 1.015 1.2129 1.245 1.2941 1.3783 1.4966 1.5524 1.6336 2.1267 0 0 0 0 0 0 0 0 0 0 0 0 0 0 0 0 0 0 0 0 0 0 0 0 0 0 0 0 0 0 0 0 0
14 0.0013 0.4686 0.5466 0.7087 0.7889 0.862 1.0856 1.1595 1.2018 1.3176 1.3707 1.4607 2.1541 2.2967 0 0 0 0 0 0 0 0 0 0 0 0 0 0 0 0 0 0 0 0 0 0 0 0 0 0 0 0 0 0
5 0.0036 0.7316 0.8387 1.4613 1.5953 0 0 0 0 0 0 0 0 0 0 0 0 0 0 0 0 0 0 0 0 0 0 0 0 0 0 0 0 0 0 0 0 0 0 0 0 0 0 0
18 0.4338 0.5866 0.6482 0.6832 0.7521 0.8217 0.8787 0.9354 0.9742 1.0421 1.1228 1.2051 1.2972 1.3398 1.3744 1.4421 1.5141 1.5552 0 0 0 0 0 0 0 0 0 0 0 0 0 0 0 0 0 0 0 0 0 0 0 0 0 0
10 0.5523 0.6734 0.7378 0.7963 0.8559 0.9481 1.0619 1.1052 1.5573 1.6128 0 0 0 0 0 0 0 0 0 0 0 0 0 0 0 0 0 0 0 0 0 0 0 0 0 0 0 0 0 0 0 0 0 0
13 0.4421 0.5791 0.6635 1.0739 1.1238 1.1728 1.2343 1.3055 1.3463 1.4323 1.4794 1.7698 1.8866 0 0 0 0 0 0 0 0 0 0 0 0 0 0 0 0 0 0 0 0 0 0 0 0 0 0 0 0 0 0 0
9 0.0013 0.3268 0.4388 0.8539 0.9737 1.1079 1.3106 1.42 1.6039 0 0 0 0 0 0 0 0 0 0 0 0 0 0 0 0 0 0 0 0 0 0 0 0 0 0 0 0 0 0 0 0 0 0 0
7 0.545 0.6281 0.762 1.0679 1.1266 1.1841 1.3848 0 0 0 0 0 0 0 0 0 0 0 0 0 0 0 0 0 0 0 0 0 0 0 0 0 0 0 0 0 0 0 0 0 0 0 0 0
22 0.7155 0.7456 0.7774 0.815 0.8484 0.8945 0.9244 0.9523 1.009 1.0388 1.1076 1.2128 1.2496 1.2673 1.3181 1.3549 1.4022 1.4413 1.4662 1.5045 1.5417 1.5936 0 0 0 0 0 0 0 0 0 0 0 0 0 0 0 0 0 0 0 0 0 0
15 0.557 0.6973 0.7415 0.8028 0.8636 0.9635 1.0745 1.1258 1.1823 1.2314 1.4219 1.4719 1.5847 2.0462 2.1023 0 0 0 0 0 0 0 0 0 0 0 0 0 0 0 0 0 0 0 0 0 0 0 0 0 0 0 0 0
6 0.0275 0.177 0.6052 0.7022 0.9633 1.375 0 0 0 0 0 0 0 0 0 0 0 0 0 0 0 0 0 0 0 0 0 0 0 0 0 0 0 0 0 0 0 0 0 0 0 0 0 0
9 0.8069 0.8575 0.9044 0.9597 1.0023 1.2386 1.4848 1.5799 1.6296 0 0 0 0 0 0 0 0 0 0 0 0 0 0 0 0 0 0 0 0 0 0 0 0 0 0 0 0 0 0 0 0 0 0 0
4 1.0998 1.1756 1.3057 1.3744 0 0 0 0 0 0 0 0 0 0 0 0 0 0 0 0 0 0 0 0 0 0 0 0 0 0 0 0 0 0 0 0 0 0 0 0 0 0 0 0
14 0.6004 0.6877 0.7481 0.7951 0.9072 0.9812 1.0418 1.1375 1.2398 1.2989 1.5211 1.5994 1.6734 2.2229 0 0 0 0 0 0 0 0 0 0 0 0 0 0 0 0 0 0 0 0 0 0 0 0 0 0 0 0 0 0
24 0.7417 0.7764 0.8272 0.8702 0.9023 0.9479 0.9702 1.0041 1.0316 1.0831 1.1122 1.1436 1.1624 1.2009 1.2527 1.275 1.2972 1.3221 1.3806 1.4299 1.4653 1.501 1.5609 1.6292 0 0 0 0 0 0 0 0 0 0 0 0 0 0 0 0 0 0 0 0
32 0.0079 0.0524 0.0872 0.1387 0.1902 0.2834 0.3885 0.513 0.6038 0.6728 0.738 0.7879 0.9773 1.0328 1.0828 1.1463 1.1864 1.2217 1.2631 1.3206 1.4225 1.4845 1.536 1.5876 1.6466 1.6774 1.7368 1.7983 2.0778 2.1285 2.1711 2.2045 0 0 0 0 0 0 0 0 0 0 0 0
9 0.4308 0.5421 0.6109 0.7771 0.8477 1.448 1.59 1.6417 1.707 0 0 0 0 0 0 0 0 0 0 0 0 0 0 0 0 0 0 0 0 0 0 0 0 0 0 0 0 0 0 0 0 0 0 0
21 0.2003 0.3505 0.4403 0.4986 0.598 0.7028 0.7793 1.0263 1.1732 1.2349 1.2747 1.3325 1.4727 1.5672 1.6071 1.6426 1.6956 1.7411 1.8244 2.2886 2.3481 0 0 0 0 0 0 0 0 0 0 0 0 0 0 0 0 0 0 0 0 0 0 0
13 0.9766 1.0363 1.1015 1.1504 1.1853 1.2508 1.3226 1.3964 1.5413 1.5915 1.638 1.7021 2.2029 0 0 0 0 0 0 0 0 0 0 0 0 0 0 0 0 0 0 0 0 0 0 0 0 0 0 0 0 0 0 0
1 1.4604 0 0 0 0 0 0 0 0 0 0 0 0 0 0 0 0 0 0 0 0 0 0 0 0 0 0 0 0 0 0 0 0 0 0 0 0 0 0 0 0 0 0 0
8 1.4803 1.5406 1.6228 1.6596 2.1553 2.191 2.2345 2.2729 0 0 0 0 0 0 0 0 0 0 0 0 0 0 0 0 0 0 0 0 0 0 0 0 0 0 0 0 0 0 0 0 0 0 0 0
18 0.0233 0.0969 0.1773 0.2394 0.4212 0.494 0.5397 0.6112 0.7029 0.9613 1.0455 1.0947 1.2427 1.2895 1.344 1.4389 1.6043 1.6816 0 0 0 0 0 0 0 0 0 0 0 0 0 0 0 0 0 0 0 0 0 0 0 0 0 0
11 0.8094 0.9471 0.9981 1.088 1.1375 1.1976 1.2846 1.3227 1.3984 1.4571 1.6097 0 0 0 0 0 0 0 0 0 0 0 0 0 0 0 0 0 0 0 0 0 0 0 0 0 0 0 0 0 0 0 0 0
19 0.5333 0.7376 0.793 0.8423 0.9033 0.969 1.0319 1.1034 1.2099 1.2738 1.3541 1.4656 1.5398 1.5961 1.652 1.69 1.7593 1.794 1.8368 0 0 0 0 0 0 0 0 0 0 0 0 0 0 0 0 0 0 0 0 0 0 0 0 0
15 0.1774 0.2322 0.3764 0.7307 0.7832 0.8147 0.8513 0.8748 0.923 0.9905 1.0406 1.0912 1.1252 1.1595 1.4289 0 0 0 0 0 0 0 0 0 0 0 0 0 0 0 0 0 0 0 0 0 0 0 0 0 0 0 0 0
17 0.1304 0.5633 0.6133 0.7168 0.8668 0.9303 1.0076 1.068 1.1442 1.1947 1.2446 1.3195 1.4 1.456 1.5064 1.5583 1.6916 0 0 0 0 0 0 0 0 0 0 0 0 0 0 0 0 0 0 0 0 0 0 0 0 0 0 0
16 0.0044 0.1082 0.6171 0.7409 0.8276 0.9278 0.9715 1.0188 1.0677 1.1147 1.1671 1.2146 1.274 1.3489 1.6509 2.1763 0 0 0 0 0 0 0 0 0 0 0 0 0 0 0 0 0 0 0 0 0 0 0 0 0 0 0 0
13 0.1085 0.7294 0.7584 0.8065 0.8467 0.8858 0.9217 0.9724 1.012 1.0803 1.1354 1.3913 1.5109 0 0 0 0 0 0 0 0 0 0 0 0 0 0 0 0 0 0 0 0 0 0 0 0 0 0 0 0 0 0 0
21 0.661 0.7499 0.8487 0.9755 1.0544 1.1452 1.2157 1.2767 1.465 1.7111 1.7783 1.964 1.9986 2.0403 2.0746 2.1016 2.1345 2.1542 2.1855 2.2172 2.2314 0 0 0 0 0 0 0 0 0 0 0 0 0 0 0 0 0 0 0 0 0 0 0
18 0.0013 0.6157 0.7043 0.7808 0.8287 0.9188 0.9656 1.0366 1.1029 1.1729 1.2393 1.2813 1.33 1.3861 1.4376 1.5028 1.5808 2.0486 0 0 0 0 0 0 0 0 0 0 0 0 0 0 0 0 0 0 0 0 0 0 0 0 0 0
17 0.003 0.0519 0.1327 0.2143 0.2624 0.6744 0.7091 0.7533 0.7927 0.8331 0.8852 0.9545 1.0249 1.0862 1.1494 1.2771 1.3766 0 0 0 0 0 0 0 0 0 0 0 0 0 0 0 0 0 0 0 0 0 0 0 0 0 0 0
18 0.0205 0.0921 0.1566 0.8033 0.8592 0.903 0.9394 0.9906 1.0482 1.1125 1.1819 1.2966 1.5791 1.6474 1.7294 1.9306 1.9852 2.1678 0 0 0 0 0 0 0 0 0 0 0 0 0 0 0 0 0 0 0 0 0 0 0 0 0 0
12 0.0297 0.7817 0.8775 0.9523 1.0073 1.065 1.1165 1.2435 1.3185 1.4653 1.5458 2.0988 0 0 0 0 0 0 0 0 0 0 0 0 0 0 0 0 0 0 0 0 0 0 0 0 0 0 0 0 0 0 0 0
8 0.7201 0.7938 0.9374 0.9762 1.1629 1.3584 1.4934 1.5461 0 0 0 0 0 0 0 0 0 0 0 0 0 0 0 0 0 0 0 0 0 0 0 0 0 0 0 0 0 0 0 0 0 0 0 0
1 1.3255 0 0 0 0 0 0 0 0 0 0 0 0 0 0 0 0 0 0 0 0 0 0 0 0 0 0 0 0 0 0 0 0 0 0 0 0 0 0 0 0 0 0 0
3 0.0104 0.2885 1.3404 0 0 0 0 0 0 0 0 0 0 0 0 0 0 0 0 0 0 0 0 0 0 0 0 0 0 0 0 0 0 0 0 0 0 0 0 0 0 0 0 0
15 0.724 0.7756 0.8536 0.968 1.0334 1.0967 1.1422 1.2129 1.2576 1.3129 1.3929 1.5971 1.6465 1.7255 1.7746 0 0 0 0 0 0 0 0 0 0 0 0 0 0 0 0 0 0 0 0 0 0 0 0 0 0 0 0 0
17 0.0246 0.8421 0.9051 0.9546 1.0368 1.0836 1.1459 1.1941 1.2528 1.3021 1.3333 1.3736 1.4248 1.4654 1.5174 1.5721 1.6506 0 0 0 0 0 0 0 0 0 0 0 0 0 0 0 0 0 0 0 0 0 0 0 0 0 0 0
19 0.7482 0.7957 0.8839 0.9483 1.1098 1.232 1.286 1.3225 1.3656 1.43 1.4919 1.5933 1.6417 1.7998 2.0466 2.0858 2.1275 2.1612 2.1956 0 0 0 0 0 0 0 0 0 0 0 0 0 0 0 0 0 0 0 0 0 0 0 0 0
6 0.0913 0.1741 0.2324 0.3623 0.8596 1.3972 0 0 0 0 0 0 0 0 0 0 0 0 0 0 0 0 0 0 0 0 0 0 0 0 0 0 0 0 0 0 0 0 0 0 0 0 0 0
15 0.1226 0.6859 0.7815 0.8981 1.0872 1.1621 1.2139 1.3047 1.3924 1.5469 1.5939 1.6356 2.0594 2.1289 2.1787 0 0 0 0 0 0 0 0 0 0 0 0 0 0 0 0 0 0 0 0 0 0 0 0 0 0 0 0 0
12 0.037 0.1119 0.4335 0.5586 0.6215 0.6982 0.9742 1.3257 1.4142 1.5304 1.5853 1.6321 0 0 0 0 0 0 0 0 0 0 0 0 0 0 0 0 0 0 0 0 0 0 0 0 0 0 0 0 0 0 0 0
12 0.578 0.7106 0.7762 1.3786 1.4347 1.4774 1.5317 1.5676 1.5992 1.6366 1.6969 2.1862 0 0 0 0 0 0 0 0 0 0 0 0 0 0 0 0 0 0 0 0 0 0 0 0 0 0 0 0 0 0 0 0
17 0.2474 1.021 1.056 1.1025 1.182 1.2223 1.2781 1.3316 1.3685 1.4024 1.4393 1.4836 1.7051 2.037 2.0734 2.1181 2.207 0 0 0 0 0 0 0 0 0 0 0 0 0 0 0 0 0 0 0 0 0 0 0 0 0 0 0
15 0.6065 0.9915 1.0139 1.032 1.0721 1.1192 1.1863 1.2391 1.2935 1.373 1.4303 1.4785 1.5273 1.6066 1.9202 0 0 0 0 0 0 0 0 0 0 0 0 0 0 0 0 0 0 0 0 0 0 0 0 0 0 0 0 0
16 0.2943 0.4101 0.5018 0.5636 0.6559 0.7027 0.7484 0.8009 0.8246 0.8521 0.8833 0.9505 0.9904 1.0746 1.2035 1.398 0 0 0 0 0 0 0 0 0 0 0 0 0 0 0 0 0 0 0 0 0 0 0 0 0 0 0 0
20 0.2715 0.5496 0.7374 0.8089 0.9586 1.013 1.0717 1.0985 1.1259 1.1426 1.1877 1.2228 1.2768 1.3035 1.3395 1.3906 1.4287 1.5686 1.6047 1.6327 0 0 0 0 0 0 0 0 0 0 0 0 0 0 0 0 0 0 0 0 0 0 0 0
14 0.0055 0.7151 0.7707 0.8233 0.8675 0.9102 0.9769 1.0408 1.1158 1.1781 1.2179 1.3454 1.5654 1.6024 0 0 0 0 0 0 0 0 0 0 0 0 0 0 0 0 0 0 0 0 0 0 0 0 0 0 0 0 0 0
13 0.0552 0.7256 0.7805 1.066 1.2013 1.2502 1.3053 1.3514 1.391 1.4858 1.6545 1.713 1.7736 0 0 0 0 0 0 0 0 0 0 0 0 0 0 0 0 0 0 0 0 0 0 0 0 0 0 0 0 0 0 0
4 0.084 0.4976 0.5929 0.8178 0 0 0 0 0 0 0 0 0 0 0 0 0 0 0 0 0 0 0 0 0 0 0 0 0 0 0 0 0 0 0 0 0 0 0 0 0 0 0 0
13 0.7102 0.7612 0.7855 0.814 0.851 0.8992 0.9531 1.0208 1.0714 1.1118 1.2847 1.3325 1.4159 0 0 0 0 0 0 0 0 0 0 0 0 0 0 0 0 0 0 0 0 0 0 0 0 0 0 0 0 0 0 0
12 0.0763 0.144 0.2392 0.3532 0.7576 0.8137 0.873 1.0244 1.1462 1.231 1.2833 1.4906 0 0 0 0 0 0 0 0 0 0 0 0 0 0 0 0 0 0 0 0 0 0 0 0 0 0 0 0 0 0 0 0
25 0.7198 0.8004 0.8429 0.9534 1.0724 1.1233 1.2129 1.2822 1.3332 1.3914 1.4982 1.58 1.6243 1.6913 1.9492 1.9961 2.0147 2.0385 2.0657 2.0936 2.1304 2.1498 2.1812 2.2083 2.2259 0 0 0 0 0 0 0 0 0 0 0 0 0 0 0 0 0 0 0
